time,x,y,z,phi,theta,psi,x_velocity,y_velocity,z_velocity,phi_velocity,theta_velocity,psi_velocity,rotor_speed1,rotor_speed2,rotor_speed3,rotor_speed4
0.06,-2.95347206193e-06,5.87596904726e-05,10.0092202845,0.0124042391037,0.000454562699193,0.0,-0.000170293713078,0.00355528952227,0.307304265811,0.0373998452808,-0.00868241190483,0.0,498.3010762860341,497.6661401722829,497.3718808298608,500.1029541532472
0.12000000000000001,-2.71131047931e-05,0.000512349661791,10.0286398555,0.0151309832379,0.00228943834916,0.0,-0.000789498848081,0.0118092438189,0.340001854698,0.0439048858708,0.00697403512839,0.0,414.6110891130727,415.98417451141313,414.6652153330078,415.2370881310305
0.18,-0.000139225459853,0.00156930448019,10.0520565801,0.0248594219574,0.00647494322459,0.0,-0.00339776156593,0.0243867475974,0.44050218693,0.0719062590509,-0.0155211627323,0.0,439.0864782135526,437.2165981323194,435.1469784172873,437.4863343696165
0.23999999999999996,-0.000466936101017,0.00353724449605,10.0804714247,0.0294179157502,0.00554796581789,0.0,-0.00743562269672,0.0416483922074,0.506620596018,0.0762497473801,-0.0153229254714,0.0,425.956543077363,425.9735804571967,426.46694550878993,426.842156919875
0.3,-0.00101159730637,0.00656108238059,10.1104922691,0.034413480674,0.0065866595724,0.0,-0.0107963704727,0.0595796856047,0.494065597262,0.0678443847091,-0.00114735664278,0.0,399.62313634423276,400.91309428803976,400.05490463514667,399.2938127532738
0.36000000000000004,-0.00181355701917,0.0108592257893,10.1429169629,0.0394462651397,0.0121231688487,0.0,-0.0164693612592,0.0842097537302,0.586690064843,0.0558321814991,0.0236157544174,0.0,433.4117799651061,435.48768541465864,436.00263357798985,435.00112812258584
0.4200000000000001,-0.0030646378815,0.0167402094451,10.1811284382,0.0428158260684,0.0155199124107,0.0,-0.0255650092779,0.112163093345,0.686951023341,0.0565802871265,0.0378757707231,0.0,437.35326785545425,438.53943940290446,437.13941496351146,437.2039359925383
0.48000000000000015,-0.00493975275292,0.0243977465181,10.2258046485,0.0484919940527,0.0186862702691,0.0,-0.0372802373785,0.143694192864,0.802146985536,0.0387907633538,0.0262497781604,0.0,442.45016096126454,441.4925855197888,443.6715749327944,442.2104619438192
0.5400000000000001,-0.00761022618105,0.0340960786334,10.2782659402,0.0509912543235,0.023776162419,0.0,-0.052310333667,0.179843829199,0.94642658953,0.042287173191,0.00447719205213,0.0,452.7185984773126,450.9635406550824,451.4882049447422,451.7709649941701
0.6000000000000002,-0.0113022503303,0.0460889523827,10.3405299039,0.0558762075857,0.0242413030049,0.0,-0.0708136239013,0.220487009056,1.12884056671,0.0242594188305,-0.00172484321377,0.0,463.59117599320786,463.1036067815132,464.620587115303,463.20577180390825
0.6600000000000003,-0.016184312043,0.0607798835692,10.416479186,0.0593044836921,0.025410164966,0.0,-0.0920497917144,0.269611192675,1.40247418295,0.0384919067746,0.00948981369846,0.0,491.01849207618653,491.849629419372,489.3537625226174,490.4121161080865
0.7200000000000003,-0.0224113584998,0.0785511119236,10.5095654012,0.0625465263919,0.0312175682765,0.0,-0.116239918409,0.323176350337,1.69995072336,0.0266454367515,0.0333896071534,0.0,497.19827857338447,498.94596094064576,498.5203255036604,497.65441043189435
0.7800000000000004,-0.0300269770628,0.0992226707364,10.6141330572,0.0671101199074,0.0334361960219,0.0,-0.137828021919,0.366301814423,1.78546524018,0.0443456598028,0.037411556183,0.0,435.70153923609996,436.0381780200192,434.88188713421334,436.3623267703346
0.8400000000000004,-0.0389306881766,0.122463969636,10.721964447,0.075916431789,0.0390597446049,0.0,-0.159454904855,0.409225395969,1.8087920254,0.0159625994587,0.0563831561229,0.0,415.1415635449572,416.80405677778117,416.85406676370786,414.3672257903874
0.9000000000000005,-0.0492987907184,0.148546597661,10.8327453025,0.081037112482,0.0447223460488,0.0,-0.186686745668,0.460662001115,1.88371065233,0.0371453402288,0.0717657417819,0.0,431.9742788980708,433.27225108498936,432.54073923650657,434.3209812297151
0.9600000000000005,-0.0616134587565,0.178168724183,10.9524327325,0.0833939425846,0.0492425455516,0.0,-0.224336532836,0.526991105497,2.10542142132,0.0318447293725,0.0653546035397,0.0,478.43729255794796,477.95226772762277,478.9046635603728,478.50179127458824
1.0200000000000005,-0.0761453103474,0.211552494379,11.0821782396,0.0853681712326,0.0568578074399,0.0,-0.260821642151,0.585975289355,2.2191396755,0.0336555130002,0.0852425319074,0.0,444.93976736990294,446.5689367626983,447.6779261317792,447.8256229403438
1.0800000000000005,-0.092974934956,0.248406988714,11.2174722339,0.087437410046,0.0704182452149,0.0,-0.301457098099,0.642685719372,2.29040141217,0.0297296728214,0.115900162764,0.0,433.1484704046373,435.7270335726471,433.5705733332684,433.241047784285
1.1400000000000006,-0.11266794813,0.288891338804,11.359050057,0.0918841080932,0.0847339772021,0.0,-0.356534331956,0.707245747867,2.42838060651,0.0106133784493,0.0849530927071,0.0,456.3710675908533,453.9038533770793,456.7532151650225,455.22622710593896
1.2000000000000006,-0.135915934468,0.333293238003,11.5083886256,0.095923566784,0.0948042677702,0.0,-0.419412253947,0.773176862156,2.54914464156,0.0296558329113,0.108210916001,0.0,450.15657180844624,452.0417819191365,450.5761327777371,452.11290374132494
1.2600000000000007,-0.162886519088,0.381471888841,11.6623182919,0.0977497008525,0.101787362583,0.0,-0.480239074445,0.83291743295,2.58166077288,0.03111170831,0.114775151818,0.0,423.2664863183794,423.84246572116496,423.92553937498735,424.05095896280386
1.3200000000000007,-0.193726469134,0.433349503758,11.819002052,0.100673460157,0.109389243291,0.0,-0.548487393602,0.896570301364,2.6408508523,0.0412379303033,0.104231718879,0.0,433.4300810418786,432.5544234421836,432.5214435020476,433.37396578664357
1.3800000000000008,-0.228678058047,0.488981481236,11.9779979429,0.105458038097,0.118511530419,0.0,-0.617368040235,0.958214662115,2.65879089156,0.0567312878848,0.121622606053,0.0,419.1187799766109,420.63904113461115,419.43544671975377,420.78028543401086
1.4400000000000008,-0.267995608936,0.548463154999,12.1386151629,0.111761500036,0.126043761953,0.0,-0.693912528167,1.02507280476,2.69482397542,0.036839003992,0.11497876906,0.0,425.929333101121,425.37428913766155,428.3072545371203,426.6138155516309
1.5000000000000009,-0.312538800559,0.612481008931,12.3050827266,0.115593903302,0.136424467981,0.0,-0.791940909147,1.10921127867,2.85343315117,0.0216357145355,0.134254288581,0.0,464.87688902137944,466.3974157472255,467.06565203520836,465.8787645731118
1.560000000000001,-0.362773216892,0.681271251592,12.4780213084,0.118889468911,0.145004973516,0.0,-0.883352469717,1.1840405241,2.91081419496,0.0359639926824,0.125023992592,0.0,435.7744717421882,435.018412665558,435.2720127299247,436.46966105024046
1.620000000000001,-0.41862967194,0.754584384293,12.6541761402,0.121634788843,0.153071984451,0.0,-0.979270086026,1.25993969806,2.9606579223,0.0262822032247,0.132148451331,0.0,433.69454691420873,434.30777865348136,434.3996452878393,433.58744088483326
1.680000000000001,-0.480491775243,0.832564081058,12.8338789947,0.123207826088,0.161267335173,0.0,-1.08356868248,1.33946579088,3.02902059837,0.0240957546467,0.136728170843,0.0,440.19586549475144,440.59132612000406,441.30396219853003,441.1235673042404
1.740000000000001,-0.549419745154,0.915824668402,13.0214805475,0.127687728713,0.17165063764,0.0,-1.21512670741,1.43625376078,3.22342729922,0.04201469818,0.151744373939,0.0,480.27021316994274,481.4248464902338,479.9601297210761,481.31843416475095
1.8000000000000012,-0.625810139952,1.00449641458,13.2168673238,0.132839563947,0.180757896279,0.0,-1.33206891024,1.5198681531,3.28892364548,0.0586232795896,0.151867739267,0.0,442.5865835195316,442.61854635959526,442.4095061869208,443.7763620287178
1.8600000000000012,-0.709473965587,1.09833395629,13.4164374953,0.142571715798,0.194700509614,0.0,-1.45802318775,1.60887090456,3.36263838472,0.0847580426351,0.174772852957,0.0,445.30160321936654,447.19550956183434,446.3283334963952,448.4597514625926
1.9200000000000013,-0.801009757543,1.19771658475,13.6205694204,0.149405237659,0.205175458774,0.0,-1.59415131071,1.70445478945,3.44102170186,0.0690246275673,0.17384032304,0.0,450.19995904840886,450.15335581500955,450.4331030455439,449.16386984931177
1.9800000000000013,-0.900757386656,1.30282412024,13.8285251815,0.153542586504,0.215948831021,0.0,-1.73175712729,1.79940054129,3.49021279041,0.06879660191,0.166112535382,0.0,442.90714584646474,442.29937823389406,441.6746163066237,441.6594391303176
2.0400000000000014,-1.00893564097,1.41367550233,14.0392092966,0.159583363965,0.226261783101,0.0,-1.87510444654,1.89610231272,3.53193315287,0.0523975848007,0.171467831844,0.0,440.7264388429873,441.1960824192578,441.9225194840391,440.57157393820535
2.1000000000000014,-1.12617660163,1.53059851384,14.2534321563,0.163517193466,0.236538284123,0.0,-2.0338706032,2.00156907887,3.60803033763,0.0413872372196,0.170500105738,0.0,454.3375581549555,454.2873663815973,453.5528839225605,452.66908534990546
2.1600000000000015,-1.25389427484,1.65441862522,14.4751238287,0.171622051444,0.248095221124,0.0,-2.22449936195,2.12640913944,3.78030106374,0.0661876439485,0.181974676905,0.0,485.2558310320101,486.1428854519204,484.1366850650389,486.0005951924739
2.2200000000000015,-1.39273520068,1.78548924648,14.7047848993,0.177165857491,0.259439963836,0.0,-2.40455631929,2.24294458701,3.87400774575,0.0787765867123,0.188025637379,0.0,464.25753401954603,464.7633003437747,463.08860080654,464.0814623738231
2.2800000000000016,-1.54177800416,1.9230831085,14.9368625608,0.182526399762,0.271576069984,0.0,-2.56456760483,2.34383168158,3.86126648098,0.0687718753082,0.176626801138,0.0,432.2426010536663,431.31481371093923,431.5537354828854,430.71299380417145
2.3400000000000016,-1.70092794275,2.06698249268,15.1691010105,0.186734103529,0.283655005742,0.0,-2.74145222133,2.45299612633,3.87920905017,0.0709192829852,0.188812221183,0.0,443.28721513769165,444.31913128404466,442.7071233051529,442.88748914193843
2.4000000000000017,-1.87054174402,2.21726376996,15.4010482659,0.197665307484,0.295642277922,0.0,-2.91332558665,2.55715169645,3.85156769753,0.0413893168145,0.178640601748,0.0,430.2835639761261,429.45614155243817,430.9837333396075,428.48310941013284
2.4600000000000017,-2.05302010354,2.37546654218,15.6386500628,0.21045508102,0.310817346212,0.0,-3.17069117995,2.71738315096,4.06614602302,0.00500098122383,0.200596171001,0.0,508.16574997870833,509.7660609581335,510.065614543598,507.46021980254415
2.520000000000002,-2.24932472702,2.54221633291,15.88295645,0.210794668697,0.322841123901,0.0,-3.3737898794,2.84070203831,4.0765218345,0.00131439655249,0.199459167505,0.0,450.36102732962996,450.3077260185217,448.4698526580876,448.1701919180118
2.580000000000002,-2.45777542586,2.71616498159,16.1270089901,0.210908684261,0.335041970605,0.0,-3.57555498093,2.95733922295,4.05778793364,-0.002264198487,0.203683563927,0.0,442.16339508560856,442.55106040183097,440.73694124465084,440.4410185284303
2.640000000000002,-2.67824312309,2.8968836177,16.3689539981,0.211108728092,0.348978279597,0.0,-3.77448807394,3.06637401946,4.00632652478,0.0029970850174,0.188085060842,0.0,432.28159558467223,431.0048191239702,432.11324107934615,432.5566277915753
2.700000000000002,-2.91101037304,3.0841882852,16.6080312709,0.215788284394,0.363251882306,0.0,-3.9855440042,3.1771982827,3.96196692818,0.0250652544934,0.167908534899,0.0,437.50064620859473,435.8497215424867,435.0516487141973,436.8957657003841
2.760000000000002,-3.15766868986,3.27872285414,16.8468386837,0.21816978856,0.375669288853,0.0,-4.23734500964,3.30711299531,3.99694618945,0.0341971665259,0.183517782899,0.0,465.1102798672375,466.3586616989612,464.9035899192085,465.61885399783307
2.820000000000002,-3.41931430122,3.48088707208,17.0867004579,0.23243270264,0.386965346031,0.0,-4.48497307108,3.43256549226,3.99692946774,0.0712953511379,0.176346500991,0.0,457.21277775483406,456.67172916057586,455.706744768212,458.6644707865046
2.880000000000002,-3.6949484247,3.69015123241,17.3238229439,0.237993073826,0.397537213647,0.0,-4.70364338503,3.54304484895,3.90639393737,0.0825592008409,0.174535286251,0.0,429.74391908762783,429.6212440617768,427.06539032726147,428.0299494542428
2.940000000000002,-3.98564050351,3.90704224952,17.5593062128,0.245678645493,0.423274510454,0.0,-4.98800622963,3.68668902224,3.94060639538,0.0995048215246,0.216150623768,0.0,472.4344013622379,475.6650170468276,474.15735138046324,475.463583897704
3.000000000000002,-4.29355919142,4.1324554413,17.7959520325,0.25195007761,0.438190001955,0.0,-5.27693177854,3.82709988923,3.94576359122,0.092174067659,0.230279408602,0.0,469.41556413897337,470.55627711042007,470.0768349039972,469.5158085579909
3.0600000000000023,-4.61926844585,4.36642838262,18.0330071087,0.262526741938,0.458909532399,0.0,-5.581416622,3.97222732517,3.95360919825,0.115610552468,0.200272125778,0.0,476.77171958328853,474.5177467388267,474.286865447134,476.09179107114204
3.1200000000000023,-4.96420165755,4.60952660911,18.2714382303,0.270507922584,0.471263120821,0.0,-5.91696368454,4.13108881651,3.99182097288,0.125669778195,0.205544906171,0.0,491.0718921833494,491.49868487586485,490.03841971986355,490.7970372371797
3.1800000000000024,-5.32749532474,4.86116460784,18.5081180829,0.278206363127,0.486882664441,0.0,-6.19376494317,4.25687360335,3.89591936418,0.119948750443,0.184447224984,0.0,450.4004038599057,448.728547931159,449.7905722168465,449.34059212597856
3.2400000000000024,-5.70704064829,5.1200783035,18.7377721212,0.285547575465,0.497951234831,0.0,-6.45844835229,4.37364672543,3.75809858706,0.114417125961,0.181960924416,0.0,438.0950072459781,437.9213782167898,437.5739273531625,437.1258371409879
3.3000000000000025,-6.10222785029,5.38580342936,18.9582317206,0.293231710219,0.515568471681,0.0,-6.71546640475,4.48384010984,3.58925124051,0.103229690839,0.20913905472,0.0,428.2269793143482,430.57027191120477,428.91453143304636,427.97441545435885
3.3600000000000025,-6.51727048765,5.66028773717,19.1754189925,0.299428437476,0.528107185521,0.0,-7.11959643438,4.66521746566,3.64739217715,0.10068924752,0.20847416299,0.0,513.727267797367,513.7166137584976,513.4960611458955,513.3233208387167
3.4200000000000026,-6.95560158032,5.94514448675,19.3937979285,0.335417848189,0.54446705628,0.0,-7.49166057576,4.83201494726,3.62792739368,0.159448507938,0.228804382076,0.0,494.74813259899435,496.28363038216014,492.4849652988695,496.8249335497093
3.4800000000000026,-7.41256844053,6.23830006889,19.6044530978,0.344975060933,0.558531489425,0.0,-7.74137013131,4.93983705307,3.39287679239,0.158775485449,0.221138784854,0.0,422.58901922780325,421.9812950199747,421.91966458247026,421.8870817258094
3.5400000000000027,-7.88609489958,6.53869598768,19.8029003069,0.359624471831,0.574775632742,0.0,-8.04344622321,5.07343574265,3.21998887297,0.182397500196,0.201002161342,0.0,450.3938610180812,448.8066494780621,450.5223661321504,452.45500018182764
3.6000000000000028,-8.37767380805,6.84700799666,19.9902769626,0.371672512845,0.594772611152,0.0,-8.34323632406,5.20341409911,3.02378076899,0.169622817467,0.168916201538,0.0,448.4053500688188,445.82542302011063,447.1287781340622,446.11694671297226
3.660000000000003,-8.88769615875,7.16324941683,20.1659293949,0.381844533899,0.60502205181,0.0,-8.6578434528,5.33776407765,2.82968442803,0.167526729405,0.16381907494,0.0,452.1642478098044,451.7795190126837,453.9279764571696,453.7863579302145
3.720000000000003,-9.4175945423,7.48800879481,20.3308463337,0.392698738467,0.617659021028,0.0,-9.00563268755,5.48719103742,2.66535218888,0.156438546187,0.181013085068,0.0,469.083746503571,470.44336313387254,469.54658700781295,468.7093506774036
3.780000000000003,-9.96751963714,7.82118392356,20.4843180963,0.405117492992,0.63079111475,0.0,-9.32549123239,5.61837701026,2.44845026975,0.136123815379,0.196364766629,0.0,453.68775542517386,454.9519269191403,454.82448993235715,453.21453109831873
3.840000000000003,-10.5400796504,8.16398361638,20.6286316503,0.413274372218,0.642561097196,0.0,-9.75950629754,5.80733463128,2.35892813422,0.135342652349,0.195042069172,0.0,509.3260277055067,509.26352437125774,509.93933217335365,509.89796287530527
3.900000000000003,-11.1347618446,8.51585774775,20.7622578906,0.421539498739,0.659593380657,0.0,-10.063656623,5.92113798384,2.09349745933,0.129807011066,0.219158933594,0.0,445.5474740680251,447.5559138125713,447.8355001186018,447.4010916358342
3.960000000000003,-11.7483000257,8.87472832425,20.8802077107,0.442605807388,0.673669861076,0.0,-10.3875510192,6.04110890958,1.83578724464,0.0886714684052,0.207342552112,0.0,457.54634572080215,456.6486192641029,456.78859538108526,453.5068188153491
4.020000000000002,-12.3831066204,9.24171979426,20.9842735301,0.454459435855,0.697284791113,0.0,-10.7725102958,6.19073366232,1.62960267971,0.0594452487782,0.169502929604,0.0,486.9060392049128,484.0994086151711,486.1327532518769,483.9414088865042
4.080000000000001,-13.0397787476,9.61682409626,21.0740517071,0.462671529288,0.707887452734,0.0,-11.1165539487,6.31187342679,1.36118614031,0.081885625043,0.175605275283,0.0,466.26260919799483,466.76602654523396,466.8610686197966,468.61261258987196
4.14,-13.7160733139,9.99848102093,21.1462909589,0.468167022911,0.722164184492,0.0,-11.42684645,6.4090360264,1.04522859741,0.0722397924579,0.195624137905,0.0,451.0420513944967,452.68821983895623,450.99088921901597,450.2155976221878
4.199999999999998,-14.4112688751,10.3858823208,21.1994931339,0.473255559578,0.735032695911,0.0,-11.746522221,6.50328135893,0.72659238469,0.0614509029204,0.182710872028,0.0,455.38870814677296,454.38886922307137,455.3301993982687,454.4692899582112
4.259999999999997,-15.1262584416,10.7790081982,21.2338248169,0.476975737603,0.747121492175,0.0,-12.0865384658,6.5996839286,0.416086320714,0.057923382636,0.169822935474,0.0,464.2936225965782,463.3101955819457,463.54569915302073,463.2706866393032
4.319999999999996,-15.8592246163,11.1764665334,21.2468546616,0.483788548133,0.757897071902,0.0,-12.3462853809,6.64816808483,0.0173975958383,0.076771183602,0.177094507702,0.0,425.9927199365766,426.64425485753253,424.81508246885795,426.4322845918271
4.379999999999995,-16.610675362,11.5780316094,21.2383645483,0.489191291708,0.774231212303,0.0,-12.7018416388,6.73584645755,-0.302614302669,0.0854204572321,0.202093611863,0.0,467.51437954730716,469.4905047942401,467.61772252514,468.29607016174157
4.439999999999993,-17.3797540726,11.9828042402,21.2069471014,0.494952003887,0.787878106117,0.0,-12.9348105895,6.75571972938,-0.745375932614,0.0930346315863,0.187327760691,0.0,414.1693392202177,412.90912516471127,411.8386720866644,412.5190641737222
4.499999999999992,-18.1649519724,12.3895348873,21.1505523106,0.500677083052,0.803695284454,0.0,-13.2384989162,6.80065709316,-1.13608596681,0.0875211060908,0.209594375595,0.0,443.0213150041821,444.88639335759035,443.66903181618864,443.2228809741432
4.559999999999991,-18.9664863933,12.7978194192,21.0687928984,0.506518406778,0.816409159048,0.0,-13.4799604219,6.80784820068,-1.59005866491,0.0948204315685,0.212638984326,0.0,414.1492403918161,414.46432200192993,415.54554186162,416.1926549947491
4.6199999999999894,-19.7854949427,13.2076319393,20.9619575884,0.513130578275,0.831658198872,0.0,-13.8199942312,6.85099447763,-1.97315096841,0.104212019109,0.228767450129,0.0,456.7881422962806,458.11866097262407,456.56770001940407,457.32471006156385
4.679999999999988,-20.624201953,13.6194340273,20.8312281494,0.522759855192,0.845819283039,0.0,-14.1365971613,6.87430984808,-2.38631391072,0.08284638152,0.234890365753,0.0,448.37430526402966,448.9241660084207,449.134711245044,447.4055669483211
4.739999999999987,-21.4846353668,14.0335781881,20.6774728996,0.537622443544,0.862733695441,0.0,-14.5429680856,6.92857435959,-2.74194783939,0.116119803812,0.215250765812,0.0,487.11386911817596,485.68921299910915,484.3355222661505,486.83955951105895
4.799999999999986,-22.3651972047,14.448860231,20.4988922165,0.547352295368,0.876471046833,0.0,-14.8090594295,6.9127822707,-3.21204157296,0.096671871559,0.224055281061,0.0,432.34718245790793,433.1372682306403,434.30858971797164,432.68434737535154
4.859999999999984,-23.2619257329,14.862995631,20.291987996,0.553523670223,0.894693687935,0.0,-15.0815152859,6.8900294471,-3.68637694254,0.102251286171,0.198875469248,0.0,435.92844249114705,433.86519903729425,437.2622660399652,437.73560073552056
4.919999999999983,-24.1770705698,15.2763220748,20.05775633,0.560993547239,0.908170770406,0.0,-15.4226215364,6.88560124188,-4.12335016862,0.113763495024,0.21134119248,0.0,464.27232863299594,465.28834933209953,463.8867429571608,464.7997005979975
4.979999999999982,-25.10991322,15.6879068036,19.7951810706,0.570623188368,0.921917337018,0.0,-15.6720232714,6.83232132054,-4.63037371423,0.0941807119211,0.198765496466,0.0,429.82307886201806,428.7992074634315,431.2648505593811,429.61708568135987
5.0399999999999805,-26.0588056219,16.0964186597,19.5026349021,0.576417425388,0.934278555161,0.0,-15.9576169574,6.78294339702,-5.12263633895,0.0972985287602,0.204890650588,0.0,443.9676681193794,444.50975968718234,444.6979592787167,444.9611303496726
5.099999999999979,-27.0268098506,16.5024028953,19.1814870895,0.582551158829,0.949780540932,0.0,-16.3080078227,6.74752935827,-5.58458334953,0.0900200981489,0.184030525064,0.0,470.5982219550381,469.0158867012805,470.8709677855384,470.31433461844694
5.159999999999978,-28.0101342429,16.9036475742,18.8289233666,0.589047674645,0.967180114953,0.0,-16.4697000175,6.62578123288,-6.16825965679,0.100346796882,0.155182092901,0.0,399.1220035467086,396.5117221580551,397.4698096819794,398.4242948180484
5.219999999999977,-29.0087187835,17.299374092,18.4443240369,0.595268858596,0.977206870059,0.0,-16.8157867691,6.56284624049,-6.65368140366,0.10419458341,0.144635402891,0.0,470.8483190897105,470.0514710659751,468.69376900363295,469.0012501223734
5.279999999999975,-30.0271707623,17.6905863761,18.0297993093,0.612842946029,0.98658445274,0.0,-17.1315343939,6.47541046268,-7.1653570933,0.0661140613427,0.152674411129,0.0,459.35422656047575,460.011220982731,463.1154890413196,460.1153967351935
5.339999999999974,-31.0653590668,18.0764887769,17.5848020634,0.626379870868,0.999795436828,0.0,-17.4730484781,6.38544899141,-7.66989021551,0.0310043070202,0.173552850001,0.0,471.3797813767135,473.0140063623555,474.9121621021267,472.21166331823787
5.399999999999973,-32.1210123801,18.4554538355,17.1077271467,0.632977678663,1.01087497149,0.0,-17.7154261616,6.24458724074,-8.23385961832,0.00593067519064,0.163329169635,0.0,440.73367567689166,439.9153594225188,440.3669375737113,438.28658644571686
5.4599999999999715,-33.1922394173,18.8259047609,16.59706453,0.63761264499,1.02238485254,0.0,-17.9918382128,6.10136495165,-8.78987859342,-0.0179614580816,0.147752514069,0.0,452.50037735486353,451.26714294756084,453.9696993797119,452.04722924021445
5.51999999999997,-34.2873868759,19.1899443741,16.0563068146,0.641567850293,1.03277068723,0.0,-18.5103232311,6.02960570979,-9.23886370012,0.00544317131488,0.132989718704,0.0,534.3347034271171,533.3420729391224,534.5047019730663,536.0983626644588
5.579999999999969,-35.4078412106,19.5470641316,15.4854069249,0.641908090046,1.04702348945,0.0,-18.8371121959,5.87143464366,-9.79362730844,0.00248884590771,0.159252433433,0.0,477.7457991792964,479.76254492143795,477.4716937761822,477.24601740553635
5.639999999999968,-36.5465310723,19.8936952421,14.8801931009,0.64865253939,1.05870870473,0.0,-19.1185966866,5.68016103861,-10.3820414351,0.0294465092372,0.174084138935,0.0,464.55556239417206,465.7422867986243,463.46445987102584,465.57983045695204
5.699999999999966,-37.7027223242,20.228530513,14.2396180388,0.652514873827,1.0705015219,0.0,-19.4204006796,5.47803346672,-10.9727146604,0.0441493510611,0.185656941807,0.0,472.77928446509554,473.69913942936654,472.88234487652835,474.01478008525856
5.759999999999965,-38.8750375022,20.5500351129,13.5623928122,0.663955794986,1.08861741875,0.0,-19.6546169377,5.23569214152,-11.6031226555,0.0754525106381,0.155496840912,0.0,454.33573215936275,451.93851805305786,451.8401242296809,454.36060503482463
5.819999999999964,-40.059692675,20.8559405476,12.8464516883,0.668540993527,1.09980673239,0.0,-19.8345006736,4.9585030062,-12.2630967607,0.0713526030435,0.169281857253,0.0,435.4675709142067,436.6449412779704,437.7735443989143,437.43636268316595
5.879999999999963,-41.2577040762,21.1454348028,12.0915679089,0.6735389011,1.11054033632,0.0,-20.0987892176,4.68808524797,-12.9018614575,0.0608006669054,0.159675653738,0.0,464.9379006556562,464.20916897549904,466.7356634704629,465.9140184975415
5.939999999999961,-42.4718356699,21.4181464729,11.2980354424,0.677192078898,1.12157613011,0.0,-20.3718134845,4.39889743732,-13.5517046543,0.0581659643914,0.171743813576,0.0,468.28273026086714,469.245240668337,469.77512094766564,469.57294502494875
5.99999999999996,-43.7050225304,21.6736373041,10.4660308405,0.680757974633,1.13187179133,0.0,-20.7330139162,4.11348106336,-14.1849778792,0.0602142199112,0.171148172555,0.0,498.274385554149,498.2555613135065,499.6266319230435,499.7780393180624
6.059999999999959,-44.9551879354,21.9099108057,9.59380975421,0.685927432367,1.15133452071,0.0,-20.9367662305,3.75863122958,-14.8915339902,0.0727336542034,0.13671005196,0.0,453.25359069751136,450.49907598450335,451.6032270430659,452.6156954401129
6.1199999999999575,-46.2170784691,22.1241347423,8.67868346496,0.690447732297,1.17012391316,0.0,-21.1240105188,3.37842563425,-15.6152199257,0.0670393706664,0.0998461520822,0.0,453.2109267956867,450.2497537678948,451.69096511912517,451.2348934925465
6.179999999999956,-47.4923754159,22.3154584636,7.72044488734,0.696613976301,1.18092556767,0.0,-21.3848805433,2.99481319846,-16.3288577549,0.0497546535975,0.0745884104462,0.0,480.8611888624669,478.9489423109617,479.1395327745575,477.8250456957832
6.239999999999955,-48.7810382372,22.4823297117,6.71810896765,0.69964293113,1.18695854836,0.0,-21.572557826,2.56357257646,-17.0853002453,0.0511392813238,0.0871124401507,0.0,454.45965008644015,455.4680160951729,455.8700524162424,455.98228196310936
6.299999999999954,-50.0786165026,22.6217848963,5.66892365961,0.703245684858,1.19418495737,0.0,-21.6828092854,2.08092069109,-17.8903512998,0.0580364037609,0.10144893867,0.0,423.1264348486052,424.36751626062136,423.95821685833874,424.5529596229316
6.359999999999952,-51.3869929419,22.7323668135,4.57193292405,0.706886842047,1.20096809201,0.0,-21.9308632115,1.60022381015,-18.679843403,0.0613656945035,0.0910295747585,0.0,465.12375885370335,464.31416130424356,465.9921377898399,466.25478776121315
6.419999999999951,-52.7081487073,22.8124873162,3.42608267568,0.711332891159,1.20648726162,0.0,-22.1103490764,1.06539070247,-19.5188495742,0.0505147798643,0.092714963588,0.0,438.6860689399534,438.8332747212838,439.8728639119684,438.97493957587733
6.47999999999995,-54.0441942982,22.860350986,2.23013722339,0.715091343037,1.21413010459,0.0,-22.4248704442,0.524035268286,-20.3509086768,0.0398938876493,0.107358425748,0.0,477.4966696971427,478.62074980801526,479.52829502296066,478.7213397291948
6.5399999999999485,-55.3958033806,22.87365195,0.982273133549,0.717825841369,1.22058928682,0.0,-22.63136749,-0.0866969171719,-21.2496596099,0.0452009197043,0.108045289107,0.0,441.3509123380486,441.4178946102542,441.34072204491497,441.77983847169804
6.599999999999947,-56.761511842,22.8493240813,0.0,0.722328762111,1.22717919111,0.0,-22.8940873784,-0.731167321799,-22.1732101385,0.0292920640328,0.103062537198,0.0,454.474611596173,454.08437550746805,455.9468759104948,454.673836571004
