time,x,y,z,phi,theta,psi,x_velocity,y_velocity,z_velocity,phi_velocity,theta_velocity,psi_velocity,rotor_speed1,rotor_speed2,rotor_speed3,rotor_speed4,episode,reward
0.0,0.0,0.0,0.0,0.0,0.0,0.0,0.0,0.0,0.0,0.0,0.0,0.0,454.474611596173,454.08437550746805,455.9468759104948,454.673836571004,1,294.0
0.0,0.0,0.0,0.0,0.0,0.0,0.0,0.0,0.0,0.0,0.0,0.0,0.0,454.474611596173,454.08437550746805,455.9468759104948,454.673836571004,2,294.0
0.0,0.0,0.0,0.0,0.0,0.0,0.0,0.0,0.0,0.0,0.0,0.0,0.0,454.474611596173,454.08437550746805,455.9468759104948,454.673836571004,3,294.0
0.0,0.0,0.0,0.0,0.0,0.0,0.0,0.0,0.0,0.0,0.0,0.0,0.0,454.474611596173,454.08437550746805,455.9468759104948,454.673836571004,4,294.0
0.0,0.0,0.0,0.0,0.0,0.0,0.0,0.0,0.0,0.0,0.0,0.0,0.0,454.474611596173,454.08437550746805,455.9468759104948,454.673836571004,5,294.0
0.0,0.0,0.0,0.0,0.0,0.0,0.0,0.0,0.0,0.0,0.0,0.0,0.0,454.474611596173,454.08437550746805,455.9468759104948,454.673836571004,6,294.0
0.0,0.0,0.0,0.0,0.0,0.0,0.0,0.0,0.0,0.0,0.0,0.0,0.0,454.474611596173,454.08437550746805,455.9468759104948,454.673836571004,7,294.0
0.0,0.0,0.0,0.0,0.0,0.0,0.0,0.0,0.0,0.0,0.0,0.0,0.0,454.474611596173,454.08437550746805,455.9468759104948,454.673836571004,8,294.0
0.0,0.0,0.0,0.0,0.0,0.0,0.0,0.0,0.0,0.0,0.0,0.0,0.0,454.474611596173,454.08437550746805,455.9468759104948,454.673836571004,9,294.0
0.0,0.0,0.0,0.0,0.0,0.0,0.0,0.0,0.0,0.0,0.0,0.0,0.0,454.474611596173,454.08437550746805,455.9468759104948,454.673836571004,10,294.0
0.0,0.0,0.0,0.0,0.0,0.0,0.0,0.0,0.0,0.0,0.0,0.0,0.0,454.474611596173,454.08437550746805,455.9468759104948,454.673836571004,11,294.0
0.0,0.0,0.0,0.0,0.0,0.0,0.0,0.0,0.0,0.0,0.0,0.0,0.0,454.474611596173,454.08437550746805,455.9468759104948,454.673836571004,12,294.0
0.0,0.0,0.0,0.0,0.0,0.0,0.0,0.0,0.0,0.0,0.0,0.0,0.0,454.474611596173,454.08437550746805,455.9468759104948,454.673836571004,13,294.0
0.0,0.0,0.0,0.0,0.0,0.0,0.0,0.0,0.0,0.0,0.0,0.0,0.0,454.474611596173,454.08437550746805,455.9468759104948,454.673836571004,14,294.0
0.0,0.0,0.0,0.0,0.0,0.0,0.0,0.0,0.0,0.0,0.0,0.0,0.0,454.474611596173,454.08437550746805,455.9468759104948,454.673836571004,15,294.0
0.0,0.0,0.0,0.0,0.0,0.0,0.0,0.0,0.0,0.0,0.0,0.0,0.0,454.474611596173,454.08437550746805,455.9468759104948,454.673836571004,16,294.0
0.0,0.0,0.0,0.0,0.0,0.0,0.0,0.0,0.0,0.0,0.0,0.0,0.0,454.474611596173,454.08437550746805,455.9468759104948,454.673836571004,17,294.0
0.0,0.0,0.0,0.0,0.0,0.0,0.0,0.0,0.0,0.0,0.0,0.0,0.0,454.474611596173,454.08437550746805,455.9468759104948,454.673836571004,18,294.0
0.0,0.0,0.0,0.0,0.0,0.0,0.0,0.0,0.0,0.0,0.0,0.0,0.0,454.474611596173,454.08437550746805,455.9468759104948,454.673836571004,19,294.0
0.0,0.0,0.0,0.0,0.0,0.0,0.0,0.0,0.0,0.0,0.0,0.0,0.0,454.474611596173,454.08437550746805,455.9468759104948,454.673836571004,20,294.0
0.0,0.0,0.0,0.0,0.0,0.0,0.0,0.0,0.0,0.0,0.0,0.0,0.0,454.474611596173,454.08437550746805,455.9468759104948,454.673836571004,21,294.0
0.0,0.0,0.0,0.0,0.0,0.0,0.0,0.0,0.0,0.0,0.0,0.0,0.0,454.474611596173,454.08437550746805,455.9468759104948,454.673836571004,22,294.0
0.0,0.0,0.0,0.0,0.0,0.0,0.0,0.0,0.0,0.0,0.0,0.0,0.0,454.474611596173,454.08437550746805,455.9468759104948,454.673836571004,23,294.0
0.0,0.0,0.0,0.0,0.0,0.0,0.0,0.0,0.0,0.0,0.0,0.0,0.0,454.474611596173,454.08437550746805,455.9468759104948,454.673836571004,24,294.0
0.0,0.0,0.0,0.0,0.0,0.0,0.0,0.0,0.0,0.0,0.0,0.0,0.0,454.474611596173,454.08437550746805,455.9468759104948,454.673836571004,25,294.0
0.0,0.0,0.0,0.0,0.0,0.0,0.0,0.0,0.0,0.0,0.0,0.0,0.0,454.474611596173,454.08437550746805,455.9468759104948,454.673836571004,26,294.0
0.0,0.0,0.0,0.0,0.0,0.0,0.0,0.0,0.0,0.0,0.0,0.0,0.0,454.474611596173,454.08437550746805,455.9468759104948,454.673836571004,27,294.0
0.0,0.0,0.0,0.0,0.0,0.0,0.0,0.0,0.0,0.0,0.0,0.0,0.0,454.474611596173,454.08437550746805,455.9468759104948,454.673836571004,28,294.0
0.0,0.0,0.0,0.0,0.0,0.0,0.0,0.0,0.0,0.0,0.0,0.0,0.0,454.474611596173,454.08437550746805,455.9468759104948,454.673836571004,29,294.0
0.0,0.0,0.0,0.0,0.0,0.0,0.0,0.0,0.0,0.0,0.0,0.0,0.0,454.474611596173,454.08437550746805,455.9468759104948,454.673836571004,30,294.0
0.0,0.0,0.0,0.0,0.0,0.0,0.0,0.0,0.0,0.0,0.0,0.0,0.0,454.474611596173,454.08437550746805,455.9468759104948,454.673836571004,31,294.0
0.0,0.0,0.0,0.0,0.0,0.0,0.0,0.0,0.0,0.0,0.0,0.0,0.0,454.474611596173,454.08437550746805,455.9468759104948,454.673836571004,32,294.0
0.0,0.0,0.0,0.0,0.0,0.0,0.0,0.0,0.0,0.0,0.0,0.0,0.0,454.474611596173,454.08437550746805,455.9468759104948,454.673836571004,33,294.0
0.0,0.0,0.0,0.0,0.0,0.0,0.0,0.0,0.0,0.0,0.0,0.0,0.0,454.474611596173,454.08437550746805,455.9468759104948,454.673836571004,34,294.0
0.0,0.0,0.0,0.0,0.0,0.0,0.0,0.0,0.0,0.0,0.0,0.0,0.0,454.474611596173,454.08437550746805,455.9468759104948,454.673836571004,35,294.0
0.0,0.0,0.0,0.0,0.0,0.0,0.0,0.0,0.0,0.0,0.0,0.0,0.0,454.474611596173,454.08437550746805,455.9468759104948,454.673836571004,36,294.0
0.0,0.0,0.0,0.0,0.0,0.0,0.0,0.0,0.0,0.0,0.0,0.0,0.0,454.474611596173,454.08437550746805,455.9468759104948,454.673836571004,37,294.0
0.0,0.0,0.0,0.0,0.0,0.0,0.0,0.0,0.0,0.0,0.0,0.0,0.0,454.474611596173,454.08437550746805,455.9468759104948,454.673836571004,38,294.0
0.0,0.0,0.0,0.0,0.0,0.0,0.0,0.0,0.0,0.0,0.0,0.0,0.0,454.474611596173,454.08437550746805,455.9468759104948,454.673836571004,39,294.0
0.0,0.0,0.0,0.0,0.0,0.0,0.0,0.0,0.0,0.0,0.0,0.0,0.0,454.474611596173,454.08437550746805,455.9468759104948,454.673836571004,40,294.0
0.0,0.0,0.0,0.0,0.0,0.0,0.0,0.0,0.0,0.0,0.0,0.0,0.0,454.474611596173,454.08437550746805,455.9468759104948,454.673836571004,41,294.0
0.0,0.0,0.0,0.0,0.0,0.0,0.0,0.0,0.0,0.0,0.0,0.0,0.0,454.474611596173,454.08437550746805,455.9468759104948,454.673836571004,42,294.0
0.0,0.0,0.0,0.0,0.0,0.0,0.0,0.0,0.0,0.0,0.0,0.0,0.0,454.474611596173,454.08437550746805,455.9468759104948,454.673836571004,43,294.0
0.0,0.0,0.0,0.0,0.0,0.0,0.0,0.0,0.0,0.0,0.0,0.0,0.0,454.474611596173,454.08437550746805,455.9468759104948,454.673836571004,44,294.0
0.0,0.0,0.0,0.0,0.0,0.0,0.0,0.0,0.0,0.0,0.0,0.0,0.0,454.474611596173,454.08437550746805,455.9468759104948,454.673836571004,45,294.0
0.0,0.0,0.0,0.0,0.0,0.0,0.0,0.0,0.0,0.0,0.0,0.0,0.0,454.474611596173,454.08437550746805,455.9468759104948,454.673836571004,46,294.0
0.0,0.0,0.0,0.0,0.0,0.0,0.0,0.0,0.0,0.0,0.0,0.0,0.0,454.474611596173,454.08437550746805,455.9468759104948,454.673836571004,47,294.0
0.0,0.0,0.0,0.0,0.0,0.0,0.0,0.0,0.0,0.0,0.0,0.0,0.0,454.474611596173,454.08437550746805,455.9468759104948,454.673836571004,48,294.0
0.0,0.0,0.0,0.0,0.0,0.0,0.0,0.0,0.0,0.0,0.0,0.0,0.0,454.474611596173,454.08437550746805,455.9468759104948,454.673836571004,49,294.0
0.0,0.0,0.0,0.0,0.0,0.0,0.0,0.0,0.0,0.0,0.0,0.0,0.0,454.474611596173,454.08437550746805,455.9468759104948,454.673836571004,50,294.0
0.0,0.0,0.0,0.0,0.0,0.0,0.0,0.0,0.0,0.0,0.0,0.0,0.0,454.474611596173,454.08437550746805,455.9468759104948,454.673836571004,51,294.0
0.0,0.0,0.0,0.0,0.0,0.0,0.0,0.0,0.0,0.0,0.0,0.0,0.0,454.474611596173,454.08437550746805,455.9468759104948,454.673836571004,52,294.0
0.0,0.0,0.0,0.0,0.0,0.0,0.0,0.0,0.0,0.0,0.0,0.0,0.0,454.474611596173,454.08437550746805,455.9468759104948,454.673836571004,53,294.0
0.0,0.0,0.0,0.0,0.0,0.0,0.0,0.0,0.0,0.0,0.0,0.0,0.0,454.474611596173,454.08437550746805,455.9468759104948,454.673836571004,54,294.0
0.0,0.0,0.0,0.0,0.0,0.0,0.0,0.0,0.0,0.0,0.0,0.0,0.0,454.474611596173,454.08437550746805,455.9468759104948,454.673836571004,55,294.0
0.0,0.0,0.0,0.0,0.0,0.0,0.0,0.0,0.0,0.0,0.0,0.0,0.0,454.474611596173,454.08437550746805,455.9468759104948,454.673836571004,56,294.0
0.0,0.0,0.0,0.0,0.0,0.0,0.0,0.0,0.0,0.0,0.0,0.0,0.0,454.474611596173,454.08437550746805,455.9468759104948,454.673836571004,57,294.0
0.0,0.0,0.0,0.0,0.0,0.0,0.0,0.0,0.0,0.0,0.0,0.0,0.0,454.474611596173,454.08437550746805,455.9468759104948,454.673836571004,58,294.0
0.0,0.0,0.0,0.0,0.0,0.0,0.0,0.0,0.0,0.0,0.0,0.0,0.0,454.474611596173,454.08437550746805,455.9468759104948,454.673836571004,59,294.0
0.0,0.0,0.0,0.0,0.0,0.0,0.0,0.0,0.0,0.0,0.0,0.0,0.0,454.474611596173,454.08437550746805,455.9468759104948,454.673836571004,60,294.0
0.0,0.0,0.0,0.0,0.0,0.0,0.0,0.0,0.0,0.0,0.0,0.0,0.0,454.474611596173,454.08437550746805,455.9468759104948,454.673836571004,61,294.0
0.0,0.0,0.0,0.0,0.0,0.0,0.0,0.0,0.0,0.0,0.0,0.0,0.0,454.474611596173,454.08437550746805,455.9468759104948,454.673836571004,62,294.0
0.0,0.0,0.0,0.0,0.0,0.0,0.0,0.0,0.0,0.0,0.0,0.0,0.0,454.474611596173,454.08437550746805,455.9468759104948,454.673836571004,63,294.0
0.0,0.0,0.0,0.0,0.0,0.0,0.0,0.0,0.0,0.0,0.0,0.0,0.0,454.474611596173,454.08437550746805,455.9468759104948,454.673836571004,64,294.0
0.0,0.0,0.0,0.0,0.0,0.0,0.0,0.0,0.0,0.0,0.0,0.0,0.0,454.474611596173,454.08437550746805,455.9468759104948,454.673836571004,65,294.0
0.0,0.0,0.0,0.0,0.0,0.0,0.0,0.0,0.0,0.0,0.0,0.0,0.0,454.474611596173,454.08437550746805,455.9468759104948,454.673836571004,66,294.0
0.0,0.0,0.0,0.0,0.0,0.0,0.0,0.0,0.0,0.0,0.0,0.0,0.0,454.474611596173,454.08437550746805,455.9468759104948,454.673836571004,67,294.0
0.0,0.0,0.0,0.0,0.0,0.0,0.0,0.0,0.0,0.0,0.0,0.0,0.0,454.474611596173,454.08437550746805,455.9468759104948,454.673836571004,68,294.0
0.0,0.0,0.0,0.0,0.0,0.0,0.0,0.0,0.0,0.0,0.0,0.0,0.0,454.474611596173,454.08437550746805,455.9468759104948,454.673836571004,69,294.0
0.0,0.0,0.0,0.0,0.0,0.0,0.0,0.0,0.0,0.0,0.0,0.0,0.0,454.474611596173,454.08437550746805,455.9468759104948,454.673836571004,70,294.0
0.0,0.0,0.0,0.0,0.0,0.0,0.0,0.0,0.0,0.0,0.0,0.0,0.0,454.474611596173,454.08437550746805,455.9468759104948,454.673836571004,71,294.0
0.0,0.0,0.0,0.0,0.0,0.0,0.0,0.0,0.0,0.0,0.0,0.0,0.0,454.474611596173,454.08437550746805,455.9468759104948,454.673836571004,72,294.0
0.0,0.0,0.0,0.0,0.0,0.0,0.0,0.0,0.0,0.0,0.0,0.0,0.0,454.474611596173,454.08437550746805,455.9468759104948,454.673836571004,73,294.0
0.0,0.0,0.0,0.0,0.0,0.0,0.0,0.0,0.0,0.0,0.0,0.0,0.0,454.474611596173,454.08437550746805,455.9468759104948,454.673836571004,74,294.0
0.0,0.0,0.0,0.0,0.0,0.0,0.0,0.0,0.0,0.0,0.0,0.0,0.0,454.474611596173,454.08437550746805,455.9468759104948,454.673836571004,75,294.0
0.0,0.0,0.0,0.0,0.0,0.0,0.0,0.0,0.0,0.0,0.0,0.0,0.0,454.474611596173,454.08437550746805,455.9468759104948,454.673836571004,76,294.0
0.0,0.0,0.0,0.0,0.0,0.0,0.0,0.0,0.0,0.0,0.0,0.0,0.0,454.474611596173,454.08437550746805,455.9468759104948,454.673836571004,77,294.0
0.0,0.0,0.0,0.0,0.0,0.0,0.0,0.0,0.0,0.0,0.0,0.0,0.0,454.474611596173,454.08437550746805,455.9468759104948,454.673836571004,78,294.0
0.0,0.0,0.0,0.0,0.0,0.0,0.0,0.0,0.0,0.0,0.0,0.0,0.0,454.474611596173,454.08437550746805,455.9468759104948,454.673836571004,79,294.0
0.0,0.0,0.0,0.0,0.0,0.0,0.0,0.0,0.0,0.0,0.0,0.0,0.0,454.474611596173,454.08437550746805,455.9468759104948,454.673836571004,80,294.0
0.0,0.0,0.0,0.0,0.0,0.0,0.0,0.0,0.0,0.0,0.0,0.0,0.0,454.474611596173,454.08437550746805,455.9468759104948,454.673836571004,81,294.0
0.0,0.0,0.0,0.0,0.0,0.0,0.0,0.0,0.0,0.0,0.0,0.0,0.0,454.474611596173,454.08437550746805,455.9468759104948,454.673836571004,82,294.0
0.0,0.0,0.0,0.0,0.0,0.0,0.0,0.0,0.0,0.0,0.0,0.0,0.0,454.474611596173,454.08437550746805,455.9468759104948,454.673836571004,83,294.0
0.0,0.0,0.0,0.0,0.0,0.0,0.0,0.0,0.0,0.0,0.0,0.0,0.0,454.474611596173,454.08437550746805,455.9468759104948,454.673836571004,84,294.0
0.0,0.0,0.0,0.0,0.0,0.0,0.0,0.0,0.0,0.0,0.0,0.0,0.0,454.474611596173,454.08437550746805,455.9468759104948,454.673836571004,85,294.0
0.0,0.0,0.0,0.0,0.0,0.0,0.0,0.0,0.0,0.0,0.0,0.0,0.0,454.474611596173,454.08437550746805,455.9468759104948,454.673836571004,86,294.0
0.0,0.0,0.0,0.0,0.0,0.0,0.0,0.0,0.0,0.0,0.0,0.0,0.0,454.474611596173,454.08437550746805,455.9468759104948,454.673836571004,87,294.0
0.0,0.0,0.0,0.0,0.0,0.0,0.0,0.0,0.0,0.0,0.0,0.0,0.0,454.474611596173,454.08437550746805,455.9468759104948,454.673836571004,88,294.0
0.0,0.0,0.0,0.0,0.0,0.0,0.0,0.0,0.0,0.0,0.0,0.0,0.0,454.474611596173,454.08437550746805,455.9468759104948,454.673836571004,89,294.0
0.0,0.0,0.0,0.0,0.0,0.0,0.0,0.0,0.0,0.0,0.0,0.0,0.0,454.474611596173,454.08437550746805,455.9468759104948,454.673836571004,90,294.0
0.0,0.0,0.0,0.0,0.0,0.0,0.0,0.0,0.0,0.0,0.0,0.0,0.0,454.474611596173,454.08437550746805,455.9468759104948,454.673836571004,91,294.0
0.0,0.0,0.0,0.0,0.0,0.0,0.0,0.0,0.0,0.0,0.0,0.0,0.0,454.474611596173,454.08437550746805,455.9468759104948,454.673836571004,92,294.0
0.0,0.0,0.0,0.0,0.0,0.0,0.0,0.0,0.0,0.0,0.0,0.0,0.0,454.474611596173,454.08437550746805,455.9468759104948,454.673836571004,93,294.0
0.0,0.0,0.0,0.0,0.0,0.0,0.0,0.0,0.0,0.0,0.0,0.0,0.0,454.474611596173,454.08437550746805,455.9468759104948,454.673836571004,94,294.0
0.0,0.0,0.0,0.0,0.0,0.0,0.0,0.0,0.0,0.0,0.0,0.0,0.0,454.474611596173,454.08437550746805,455.9468759104948,454.673836571004,95,294.0
0.0,0.0,0.0,0.0,0.0,0.0,0.0,0.0,0.0,0.0,0.0,0.0,0.0,454.474611596173,454.08437550746805,455.9468759104948,454.673836571004,96,294.0
0.0,0.0,0.0,0.0,0.0,0.0,0.0,0.0,0.0,0.0,0.0,0.0,0.0,454.474611596173,454.08437550746805,455.9468759104948,454.673836571004,97,294.0
0.0,0.0,0.0,0.0,0.0,0.0,0.0,0.0,0.0,0.0,0.0,0.0,0.0,454.474611596173,454.08437550746805,455.9468759104948,454.673836571004,98,294.0
0.0,0.0,0.0,0.0,0.0,0.0,0.0,0.0,0.0,0.0,0.0,0.0,0.0,454.474611596173,454.08437550746805,455.9468759104948,454.673836571004,99,294.0
0.0,0.0,0.0,0.0,0.0,0.0,0.0,0.0,0.0,0.0,0.0,0.0,0.0,454.474611596173,454.08437550746805,455.9468759104948,454.673836571004,100,294.0
0.0,0.0,0.0,0.0,0.0,0.0,0.0,0.0,0.0,0.0,0.0,0.0,0.0,454.474611596173,454.08437550746805,455.9468759104948,454.673836571004,101,294.0
0.0,0.0,0.0,0.0,0.0,0.0,0.0,0.0,0.0,0.0,0.0,0.0,0.0,454.474611596173,454.08437550746805,455.9468759104948,454.673836571004,102,294.0
0.0,0.0,0.0,0.0,0.0,0.0,0.0,0.0,0.0,0.0,0.0,0.0,0.0,454.474611596173,454.08437550746805,455.9468759104948,454.673836571004,103,294.0
0.0,0.0,0.0,0.0,0.0,0.0,0.0,0.0,0.0,0.0,0.0,0.0,0.0,454.474611596173,454.08437550746805,455.9468759104948,454.673836571004,104,294.0
0.0,0.0,0.0,0.0,0.0,0.0,0.0,0.0,0.0,0.0,0.0,0.0,0.0,454.474611596173,454.08437550746805,455.9468759104948,454.673836571004,105,294.0
0.0,0.0,0.0,0.0,0.0,0.0,0.0,0.0,0.0,0.0,0.0,0.0,0.0,454.474611596173,454.08437550746805,455.9468759104948,454.673836571004,106,294.0
0.0,0.0,0.0,0.0,0.0,0.0,0.0,0.0,0.0,0.0,0.0,0.0,0.0,454.474611596173,454.08437550746805,455.9468759104948,454.673836571004,107,294.0
0.0,0.0,0.0,0.0,0.0,0.0,0.0,0.0,0.0,0.0,0.0,0.0,0.0,454.474611596173,454.08437550746805,455.9468759104948,454.673836571004,108,294.0
0.0,0.0,0.0,0.0,0.0,0.0,0.0,0.0,0.0,0.0,0.0,0.0,0.0,454.474611596173,454.08437550746805,455.9468759104948,454.673836571004,109,294.0
0.0,0.0,0.0,0.0,0.0,0.0,0.0,0.0,0.0,0.0,0.0,0.0,0.0,454.474611596173,454.08437550746805,455.9468759104948,454.673836571004,110,294.0
0.0,0.0,0.0,0.0,0.0,0.0,0.0,0.0,0.0,0.0,0.0,0.0,0.0,454.474611596173,454.08437550746805,455.9468759104948,454.673836571004,111,294.0
0.0,0.0,0.0,0.0,0.0,0.0,0.0,0.0,0.0,0.0,0.0,0.0,0.0,454.474611596173,454.08437550746805,455.9468759104948,454.673836571004,112,294.0
0.0,0.0,0.0,0.0,0.0,0.0,0.0,0.0,0.0,0.0,0.0,0.0,0.0,454.474611596173,454.08437550746805,455.9468759104948,454.673836571004,113,294.0
0.0,0.0,0.0,0.0,0.0,0.0,0.0,0.0,0.0,0.0,0.0,0.0,0.0,454.474611596173,454.08437550746805,455.9468759104948,454.673836571004,114,294.0
0.0,0.0,0.0,0.0,0.0,0.0,0.0,0.0,0.0,0.0,0.0,0.0,0.0,454.474611596173,454.08437550746805,455.9468759104948,454.673836571004,115,294.0
0.0,0.0,0.0,0.0,0.0,0.0,0.0,0.0,0.0,0.0,0.0,0.0,0.0,454.474611596173,454.08437550746805,455.9468759104948,454.673836571004,116,294.0
0.0,0.0,0.0,0.0,0.0,0.0,0.0,0.0,0.0,0.0,0.0,0.0,0.0,454.474611596173,454.08437550746805,455.9468759104948,454.673836571004,117,294.0
0.0,0.0,0.0,0.0,0.0,0.0,0.0,0.0,0.0,0.0,0.0,0.0,0.0,454.474611596173,454.08437550746805,455.9468759104948,454.673836571004,118,294.0
0.0,0.0,0.0,0.0,0.0,0.0,0.0,0.0,0.0,0.0,0.0,0.0,0.0,454.474611596173,454.08437550746805,455.9468759104948,454.673836571004,119,294.0
0.0,0.0,0.0,0.0,0.0,0.0,0.0,0.0,0.0,0.0,0.0,0.0,0.0,454.474611596173,454.08437550746805,455.9468759104948,454.673836571004,120,294.0
0.0,0.0,0.0,0.0,0.0,0.0,0.0,0.0,0.0,0.0,0.0,0.0,0.0,454.474611596173,454.08437550746805,455.9468759104948,454.673836571004,121,294.0
0.0,0.0,0.0,0.0,0.0,0.0,0.0,0.0,0.0,0.0,0.0,0.0,0.0,454.474611596173,454.08437550746805,455.9468759104948,454.673836571004,122,294.0
0.0,0.0,0.0,0.0,0.0,0.0,0.0,0.0,0.0,0.0,0.0,0.0,0.0,454.474611596173,454.08437550746805,455.9468759104948,454.673836571004,123,294.0
0.0,0.0,0.0,0.0,0.0,0.0,0.0,0.0,0.0,0.0,0.0,0.0,0.0,454.474611596173,454.08437550746805,455.9468759104948,454.673836571004,124,294.0
0.0,0.0,0.0,0.0,0.0,0.0,0.0,0.0,0.0,0.0,0.0,0.0,0.0,454.474611596173,454.08437550746805,455.9468759104948,454.673836571004,125,294.0
0.0,0.0,0.0,0.0,0.0,0.0,0.0,0.0,0.0,0.0,0.0,0.0,0.0,454.474611596173,454.08437550746805,455.9468759104948,454.673836571004,126,294.0
0.0,0.0,0.0,0.0,0.0,0.0,0.0,0.0,0.0,0.0,0.0,0.0,0.0,454.474611596173,454.08437550746805,455.9468759104948,454.673836571004,127,294.0
0.0,0.0,0.0,0.0,0.0,0.0,0.0,0.0,0.0,0.0,0.0,0.0,0.0,454.474611596173,454.08437550746805,455.9468759104948,454.673836571004,128,294.0
0.0,0.0,0.0,0.0,0.0,0.0,0.0,0.0,0.0,0.0,0.0,0.0,0.0,454.474611596173,454.08437550746805,455.9468759104948,454.673836571004,129,294.0
0.0,0.0,0.0,0.0,0.0,0.0,0.0,0.0,0.0,0.0,0.0,0.0,0.0,454.474611596173,454.08437550746805,455.9468759104948,454.673836571004,130,294.0
0.0,0.0,0.0,0.0,0.0,0.0,0.0,0.0,0.0,0.0,0.0,0.0,0.0,454.474611596173,454.08437550746805,455.9468759104948,454.673836571004,131,294.0
0.0,0.0,0.0,0.0,0.0,0.0,0.0,0.0,0.0,0.0,0.0,0.0,0.0,454.474611596173,454.08437550746805,455.9468759104948,454.673836571004,132,294.0
0.0,0.0,0.0,0.0,0.0,0.0,0.0,0.0,0.0,0.0,0.0,0.0,0.0,454.474611596173,454.08437550746805,455.9468759104948,454.673836571004,133,294.0
0.0,0.0,0.0,0.0,0.0,0.0,0.0,0.0,0.0,0.0,0.0,0.0,0.0,454.474611596173,454.08437550746805,455.9468759104948,454.673836571004,134,294.0
0.0,0.0,0.0,0.0,0.0,0.0,0.0,0.0,0.0,0.0,0.0,0.0,0.0,454.474611596173,454.08437550746805,455.9468759104948,454.673836571004,135,294.0
0.0,0.0,0.0,0.0,0.0,0.0,0.0,0.0,0.0,0.0,0.0,0.0,0.0,454.474611596173,454.08437550746805,455.9468759104948,454.673836571004,136,294.0
0.0,0.0,0.0,0.0,0.0,0.0,0.0,0.0,0.0,0.0,0.0,0.0,0.0,454.474611596173,454.08437550746805,455.9468759104948,454.673836571004,137,294.0
0.0,0.0,0.0,0.0,0.0,0.0,0.0,0.0,0.0,0.0,0.0,0.0,0.0,454.474611596173,454.08437550746805,455.9468759104948,454.673836571004,138,294.0
0.0,0.0,0.0,0.0,0.0,0.0,0.0,0.0,0.0,0.0,0.0,0.0,0.0,454.474611596173,454.08437550746805,455.9468759104948,454.673836571004,139,294.0
0.0,0.0,0.0,0.0,0.0,0.0,0.0,0.0,0.0,0.0,0.0,0.0,0.0,454.474611596173,454.08437550746805,455.9468759104948,454.673836571004,140,294.0
0.0,0.0,0.0,0.0,0.0,0.0,0.0,0.0,0.0,0.0,0.0,0.0,0.0,454.474611596173,454.08437550746805,455.9468759104948,454.673836571004,141,294.0
0.0,0.0,0.0,0.0,0.0,0.0,0.0,0.0,0.0,0.0,0.0,0.0,0.0,454.474611596173,454.08437550746805,455.9468759104948,454.673836571004,142,294.0
0.0,0.0,0.0,0.0,0.0,0.0,0.0,0.0,0.0,0.0,0.0,0.0,0.0,454.474611596173,454.08437550746805,455.9468759104948,454.673836571004,143,294.0
0.0,0.0,0.0,0.0,0.0,0.0,0.0,0.0,0.0,0.0,0.0,0.0,0.0,454.474611596173,454.08437550746805,455.9468759104948,454.673836571004,144,294.0
0.0,0.0,0.0,0.0,0.0,0.0,0.0,0.0,0.0,0.0,0.0,0.0,0.0,454.474611596173,454.08437550746805,455.9468759104948,454.673836571004,145,294.0
0.0,0.0,0.0,0.0,0.0,0.0,0.0,0.0,0.0,0.0,0.0,0.0,0.0,454.474611596173,454.08437550746805,455.9468759104948,454.673836571004,146,294.0
0.0,0.0,0.0,0.0,0.0,0.0,0.0,0.0,0.0,0.0,0.0,0.0,0.0,454.474611596173,454.08437550746805,455.9468759104948,454.673836571004,147,294.0
0.0,0.0,0.0,0.0,0.0,0.0,0.0,0.0,0.0,0.0,0.0,0.0,0.0,454.474611596173,454.08437550746805,455.9468759104948,454.673836571004,148,294.0
0.0,0.0,0.0,0.0,0.0,0.0,0.0,0.0,0.0,0.0,0.0,0.0,0.0,454.474611596173,454.08437550746805,455.9468759104948,454.673836571004,149,294.0
0.0,0.0,0.0,0.0,0.0,0.0,0.0,0.0,0.0,0.0,0.0,0.0,0.0,454.474611596173,454.08437550746805,455.9468759104948,454.673836571004,150,294.0
0.0,0.0,0.0,0.0,0.0,0.0,0.0,0.0,0.0,0.0,0.0,0.0,0.0,454.474611596173,454.08437550746805,455.9468759104948,454.673836571004,151,294.0
0.0,0.0,0.0,0.0,0.0,0.0,0.0,0.0,0.0,0.0,0.0,0.0,0.0,454.474611596173,454.08437550746805,455.9468759104948,454.673836571004,152,294.0
0.0,0.0,0.0,0.0,0.0,0.0,0.0,0.0,0.0,0.0,0.0,0.0,0.0,454.474611596173,454.08437550746805,455.9468759104948,454.673836571004,153,294.0
0.0,0.0,0.0,0.0,0.0,0.0,0.0,0.0,0.0,0.0,0.0,0.0,0.0,454.474611596173,454.08437550746805,455.9468759104948,454.673836571004,154,294.0
0.0,0.0,0.0,0.0,0.0,0.0,0.0,0.0,0.0,0.0,0.0,0.0,0.0,454.474611596173,454.08437550746805,455.9468759104948,454.673836571004,155,294.0
0.0,0.0,0.0,0.0,0.0,0.0,0.0,0.0,0.0,0.0,0.0,0.0,0.0,454.474611596173,454.08437550746805,455.9468759104948,454.673836571004,156,294.0
0.0,0.0,0.0,0.0,0.0,0.0,0.0,0.0,0.0,0.0,0.0,0.0,0.0,454.474611596173,454.08437550746805,455.9468759104948,454.673836571004,157,294.0
0.0,0.0,0.0,0.0,0.0,0.0,0.0,0.0,0.0,0.0,0.0,0.0,0.0,454.474611596173,454.08437550746805,455.9468759104948,454.673836571004,158,294.0
0.0,0.0,0.0,0.0,0.0,0.0,0.0,0.0,0.0,0.0,0.0,0.0,0.0,454.474611596173,454.08437550746805,455.9468759104948,454.673836571004,159,294.0
0.0,0.0,0.0,0.0,0.0,0.0,0.0,0.0,0.0,0.0,0.0,0.0,0.0,454.474611596173,454.08437550746805,455.9468759104948,454.673836571004,160,294.0
0.0,0.0,0.0,0.0,0.0,0.0,0.0,0.0,0.0,0.0,0.0,0.0,0.0,454.474611596173,454.08437550746805,455.9468759104948,454.673836571004,161,294.0
0.0,0.0,0.0,0.0,0.0,0.0,0.0,0.0,0.0,0.0,0.0,0.0,0.0,454.474611596173,454.08437550746805,455.9468759104948,454.673836571004,162,294.0
0.0,0.0,0.0,0.0,0.0,0.0,0.0,0.0,0.0,0.0,0.0,0.0,0.0,454.474611596173,454.08437550746805,455.9468759104948,454.673836571004,163,294.0
0.0,0.0,0.0,0.0,0.0,0.0,0.0,0.0,0.0,0.0,0.0,0.0,0.0,454.474611596173,454.08437550746805,455.9468759104948,454.673836571004,164,294.0
0.0,0.0,0.0,0.0,0.0,0.0,0.0,0.0,0.0,0.0,0.0,0.0,0.0,454.474611596173,454.08437550746805,455.9468759104948,454.673836571004,165,294.0
0.0,0.0,0.0,0.0,0.0,0.0,0.0,0.0,0.0,0.0,0.0,0.0,0.0,454.474611596173,454.08437550746805,455.9468759104948,454.673836571004,166,294.0
0.0,0.0,0.0,0.0,0.0,0.0,0.0,0.0,0.0,0.0,0.0,0.0,0.0,454.474611596173,454.08437550746805,455.9468759104948,454.673836571004,167,294.0
0.0,0.0,0.0,0.0,0.0,0.0,0.0,0.0,0.0,0.0,0.0,0.0,0.0,454.474611596173,454.08437550746805,455.9468759104948,454.673836571004,168,294.0
0.0,0.0,0.0,0.0,0.0,0.0,0.0,0.0,0.0,0.0,0.0,0.0,0.0,454.474611596173,454.08437550746805,455.9468759104948,454.673836571004,169,294.0
0.0,0.0,0.0,0.0,0.0,0.0,0.0,0.0,0.0,0.0,0.0,0.0,0.0,454.474611596173,454.08437550746805,455.9468759104948,454.673836571004,170,294.0
0.0,0.0,0.0,0.0,0.0,0.0,0.0,0.0,0.0,0.0,0.0,0.0,0.0,454.474611596173,454.08437550746805,455.9468759104948,454.673836571004,171,294.0
0.0,0.0,0.0,0.0,0.0,0.0,0.0,0.0,0.0,0.0,0.0,0.0,0.0,454.474611596173,454.08437550746805,455.9468759104948,454.673836571004,172,294.0
0.0,0.0,0.0,0.0,0.0,0.0,0.0,0.0,0.0,0.0,0.0,0.0,0.0,454.474611596173,454.08437550746805,455.9468759104948,454.673836571004,173,294.0
0.0,0.0,0.0,0.0,0.0,0.0,0.0,0.0,0.0,0.0,0.0,0.0,0.0,454.474611596173,454.08437550746805,455.9468759104948,454.673836571004,174,294.0
0.0,0.0,0.0,0.0,0.0,0.0,0.0,0.0,0.0,0.0,0.0,0.0,0.0,454.474611596173,454.08437550746805,455.9468759104948,454.673836571004,175,294.0
0.0,0.0,0.0,0.0,0.0,0.0,0.0,0.0,0.0,0.0,0.0,0.0,0.0,454.474611596173,454.08437550746805,455.9468759104948,454.673836571004,176,294.0
0.0,0.0,0.0,0.0,0.0,0.0,0.0,0.0,0.0,0.0,0.0,0.0,0.0,454.474611596173,454.08437550746805,455.9468759104948,454.673836571004,177,294.0
0.0,0.0,0.0,0.0,0.0,0.0,0.0,0.0,0.0,0.0,0.0,0.0,0.0,454.474611596173,454.08437550746805,455.9468759104948,454.673836571004,178,294.0
0.0,0.0,0.0,0.0,0.0,0.0,0.0,0.0,0.0,0.0,0.0,0.0,0.0,454.474611596173,454.08437550746805,455.9468759104948,454.673836571004,179,294.0
0.0,0.0,0.0,0.0,0.0,0.0,0.0,0.0,0.0,0.0,0.0,0.0,0.0,454.474611596173,454.08437550746805,455.9468759104948,454.673836571004,180,294.0
0.0,0.0,0.0,0.0,0.0,0.0,0.0,0.0,0.0,0.0,0.0,0.0,0.0,454.474611596173,454.08437550746805,455.9468759104948,454.673836571004,181,294.0
0.0,0.0,0.0,0.0,0.0,0.0,0.0,0.0,0.0,0.0,0.0,0.0,0.0,454.474611596173,454.08437550746805,455.9468759104948,454.673836571004,182,294.0
0.0,0.0,0.0,0.0,0.0,0.0,0.0,0.0,0.0,0.0,0.0,0.0,0.0,454.474611596173,454.08437550746805,455.9468759104948,454.673836571004,183,294.0
0.0,0.0,0.0,0.0,0.0,0.0,0.0,0.0,0.0,0.0,0.0,0.0,0.0,454.474611596173,454.08437550746805,455.9468759104948,454.673836571004,184,294.0
0.0,0.0,0.0,0.0,0.0,0.0,0.0,0.0,0.0,0.0,0.0,0.0,0.0,454.474611596173,454.08437550746805,455.9468759104948,454.673836571004,185,294.0
0.0,0.0,0.0,0.0,0.0,0.0,0.0,0.0,0.0,0.0,0.0,0.0,0.0,454.474611596173,454.08437550746805,455.9468759104948,454.673836571004,186,294.0
0.0,0.0,0.0,0.0,0.0,0.0,0.0,0.0,0.0,0.0,0.0,0.0,0.0,454.474611596173,454.08437550746805,455.9468759104948,454.673836571004,187,294.0
0.0,0.0,0.0,0.0,0.0,0.0,0.0,0.0,0.0,0.0,0.0,0.0,0.0,454.474611596173,454.08437550746805,455.9468759104948,454.673836571004,188,294.0
0.0,0.0,0.0,0.0,0.0,0.0,0.0,0.0,0.0,0.0,0.0,0.0,0.0,454.474611596173,454.08437550746805,455.9468759104948,454.673836571004,189,294.0
0.0,0.0,0.0,0.0,0.0,0.0,0.0,0.0,0.0,0.0,0.0,0.0,0.0,454.474611596173,454.08437550746805,455.9468759104948,454.673836571004,190,294.0
0.0,0.0,0.0,0.0,0.0,0.0,0.0,0.0,0.0,0.0,0.0,0.0,0.0,454.474611596173,454.08437550746805,455.9468759104948,454.673836571004,191,294.0
0.0,0.0,0.0,0.0,0.0,0.0,0.0,0.0,0.0,0.0,0.0,0.0,0.0,454.474611596173,454.08437550746805,455.9468759104948,454.673836571004,192,294.0
0.0,0.0,0.0,0.0,0.0,0.0,0.0,0.0,0.0,0.0,0.0,0.0,0.0,454.474611596173,454.08437550746805,455.9468759104948,454.673836571004,193,294.0
0.0,0.0,0.0,0.0,0.0,0.0,0.0,0.0,0.0,0.0,0.0,0.0,0.0,454.474611596173,454.08437550746805,455.9468759104948,454.673836571004,194,294.0
0.0,0.0,0.0,0.0,0.0,0.0,0.0,0.0,0.0,0.0,0.0,0.0,0.0,454.474611596173,454.08437550746805,455.9468759104948,454.673836571004,195,294.0
0.0,0.0,0.0,0.0,0.0,0.0,0.0,0.0,0.0,0.0,0.0,0.0,0.0,454.474611596173,454.08437550746805,455.9468759104948,454.673836571004,196,294.0
0.0,0.0,0.0,0.0,0.0,0.0,0.0,0.0,0.0,0.0,0.0,0.0,0.0,454.474611596173,454.08437550746805,455.9468759104948,454.673836571004,197,294.0
0.0,0.0,0.0,0.0,0.0,0.0,0.0,0.0,0.0,0.0,0.0,0.0,0.0,454.474611596173,454.08437550746805,455.9468759104948,454.673836571004,198,294.0
0.0,0.0,0.0,0.0,0.0,0.0,0.0,0.0,0.0,0.0,0.0,0.0,0.0,454.474611596173,454.08437550746805,455.9468759104948,454.673836571004,199,294.0
0.0,0.0,0.0,0.0,0.0,0.0,0.0,0.0,0.0,0.0,0.0,0.0,0.0,454.474611596173,454.08437550746805,455.9468759104948,454.673836571004,200,294.0
0.0,0.0,0.0,0.0,0.0,0.0,0.0,0.0,0.0,0.0,0.0,0.0,0.0,454.474611596173,454.08437550746805,455.9468759104948,454.673836571004,201,294.0
0.0,0.0,0.0,0.0,0.0,0.0,0.0,0.0,0.0,0.0,0.0,0.0,0.0,454.474611596173,454.08437550746805,455.9468759104948,454.673836571004,202,294.0
0.0,0.0,0.0,0.0,0.0,0.0,0.0,0.0,0.0,0.0,0.0,0.0,0.0,454.474611596173,454.08437550746805,455.9468759104948,454.673836571004,203,294.0
0.0,0.0,0.0,0.0,0.0,0.0,0.0,0.0,0.0,0.0,0.0,0.0,0.0,454.474611596173,454.08437550746805,455.9468759104948,454.673836571004,204,294.0
0.0,0.0,0.0,0.0,0.0,0.0,0.0,0.0,0.0,0.0,0.0,0.0,0.0,454.474611596173,454.08437550746805,455.9468759104948,454.673836571004,205,294.0
0.0,0.0,0.0,0.0,0.0,0.0,0.0,0.0,0.0,0.0,0.0,0.0,0.0,454.474611596173,454.08437550746805,455.9468759104948,454.673836571004,206,294.0
0.0,0.0,0.0,0.0,0.0,0.0,0.0,0.0,0.0,0.0,0.0,0.0,0.0,454.474611596173,454.08437550746805,455.9468759104948,454.673836571004,207,294.0
0.0,0.0,0.0,0.0,0.0,0.0,0.0,0.0,0.0,0.0,0.0,0.0,0.0,454.474611596173,454.08437550746805,455.9468759104948,454.673836571004,208,294.0
0.0,0.0,0.0,0.0,0.0,0.0,0.0,0.0,0.0,0.0,0.0,0.0,0.0,454.474611596173,454.08437550746805,455.9468759104948,454.673836571004,209,294.0
0.0,0.0,0.0,0.0,0.0,0.0,0.0,0.0,0.0,0.0,0.0,0.0,0.0,454.474611596173,454.08437550746805,455.9468759104948,454.673836571004,210,294.0
0.0,0.0,0.0,0.0,0.0,0.0,0.0,0.0,0.0,0.0,0.0,0.0,0.0,454.474611596173,454.08437550746805,455.9468759104948,454.673836571004,211,294.0
0.0,0.0,0.0,0.0,0.0,0.0,0.0,0.0,0.0,0.0,0.0,0.0,0.0,454.474611596173,454.08437550746805,455.9468759104948,454.673836571004,212,294.0
0.0,0.0,0.0,0.0,0.0,0.0,0.0,0.0,0.0,0.0,0.0,0.0,0.0,454.474611596173,454.08437550746805,455.9468759104948,454.673836571004,213,294.0
0.0,0.0,0.0,0.0,0.0,0.0,0.0,0.0,0.0,0.0,0.0,0.0,0.0,454.474611596173,454.08437550746805,455.9468759104948,454.673836571004,214,294.0
0.0,0.0,0.0,0.0,0.0,0.0,0.0,0.0,0.0,0.0,0.0,0.0,0.0,454.474611596173,454.08437550746805,455.9468759104948,454.673836571004,215,294.0
0.0,0.0,0.0,0.0,0.0,0.0,0.0,0.0,0.0,0.0,0.0,0.0,0.0,454.474611596173,454.08437550746805,455.9468759104948,454.673836571004,216,294.0
0.0,0.0,0.0,0.0,0.0,0.0,0.0,0.0,0.0,0.0,0.0,0.0,0.0,454.474611596173,454.08437550746805,455.9468759104948,454.673836571004,217,294.0
0.0,0.0,0.0,0.0,0.0,0.0,0.0,0.0,0.0,0.0,0.0,0.0,0.0,454.474611596173,454.08437550746805,455.9468759104948,454.673836571004,218,294.0
0.0,0.0,0.0,0.0,0.0,0.0,0.0,0.0,0.0,0.0,0.0,0.0,0.0,454.474611596173,454.08437550746805,455.9468759104948,454.673836571004,219,294.0
0.0,0.0,0.0,0.0,0.0,0.0,0.0,0.0,0.0,0.0,0.0,0.0,0.0,454.474611596173,454.08437550746805,455.9468759104948,454.673836571004,220,294.0
0.0,0.0,0.0,0.0,0.0,0.0,0.0,0.0,0.0,0.0,0.0,0.0,0.0,454.474611596173,454.08437550746805,455.9468759104948,454.673836571004,221,294.0
0.0,0.0,0.0,0.0,0.0,0.0,0.0,0.0,0.0,0.0,0.0,0.0,0.0,454.474611596173,454.08437550746805,455.9468759104948,454.673836571004,222,294.0
0.0,0.0,0.0,0.0,0.0,0.0,0.0,0.0,0.0,0.0,0.0,0.0,0.0,454.474611596173,454.08437550746805,455.9468759104948,454.673836571004,223,294.0
0.0,0.0,0.0,0.0,0.0,0.0,0.0,0.0,0.0,0.0,0.0,0.0,0.0,454.474611596173,454.08437550746805,455.9468759104948,454.673836571004,224,294.0
0.0,0.0,0.0,0.0,0.0,0.0,0.0,0.0,0.0,0.0,0.0,0.0,0.0,454.474611596173,454.08437550746805,455.9468759104948,454.673836571004,225,294.0
0.0,0.0,0.0,0.0,0.0,0.0,0.0,0.0,0.0,0.0,0.0,0.0,0.0,454.474611596173,454.08437550746805,455.9468759104948,454.673836571004,226,294.0
0.0,0.0,0.0,0.0,0.0,0.0,0.0,0.0,0.0,0.0,0.0,0.0,0.0,454.474611596173,454.08437550746805,455.9468759104948,454.673836571004,227,294.0
0.0,0.0,0.0,0.0,0.0,0.0,0.0,0.0,0.0,0.0,0.0,0.0,0.0,454.474611596173,454.08437550746805,455.9468759104948,454.673836571004,228,294.0
0.0,0.0,0.0,0.0,0.0,0.0,0.0,0.0,0.0,0.0,0.0,0.0,0.0,454.474611596173,454.08437550746805,455.9468759104948,454.673836571004,229,294.0
0.0,0.0,0.0,0.0,0.0,0.0,0.0,0.0,0.0,0.0,0.0,0.0,0.0,454.474611596173,454.08437550746805,455.9468759104948,454.673836571004,230,294.0
0.0,0.0,0.0,0.0,0.0,0.0,0.0,0.0,0.0,0.0,0.0,0.0,0.0,454.474611596173,454.08437550746805,455.9468759104948,454.673836571004,231,294.0
0.0,0.0,0.0,0.0,0.0,0.0,0.0,0.0,0.0,0.0,0.0,0.0,0.0,454.474611596173,454.08437550746805,455.9468759104948,454.673836571004,232,294.0
0.0,0.0,0.0,0.0,0.0,0.0,0.0,0.0,0.0,0.0,0.0,0.0,0.0,454.474611596173,454.08437550746805,455.9468759104948,454.673836571004,233,294.0
0.0,0.0,0.0,0.0,0.0,0.0,0.0,0.0,0.0,0.0,0.0,0.0,0.0,454.474611596173,454.08437550746805,455.9468759104948,454.673836571004,234,294.0
0.0,0.0,0.0,0.0,0.0,0.0,0.0,0.0,0.0,0.0,0.0,0.0,0.0,454.474611596173,454.08437550746805,455.9468759104948,454.673836571004,235,294.0
0.0,0.0,0.0,0.0,0.0,0.0,0.0,0.0,0.0,0.0,0.0,0.0,0.0,454.474611596173,454.08437550746805,455.9468759104948,454.673836571004,236,294.0
0.0,0.0,0.0,0.0,0.0,0.0,0.0,0.0,0.0,0.0,0.0,0.0,0.0,454.474611596173,454.08437550746805,455.9468759104948,454.673836571004,237,294.0
0.0,0.0,0.0,0.0,0.0,0.0,0.0,0.0,0.0,0.0,0.0,0.0,0.0,454.474611596173,454.08437550746805,455.9468759104948,454.673836571004,238,294.0
0.0,0.0,0.0,0.0,0.0,0.0,0.0,0.0,0.0,0.0,0.0,0.0,0.0,454.474611596173,454.08437550746805,455.9468759104948,454.673836571004,239,294.0
0.0,0.0,0.0,0.0,0.0,0.0,0.0,0.0,0.0,0.0,0.0,0.0,0.0,454.474611596173,454.08437550746805,455.9468759104948,454.673836571004,240,294.0
0.0,0.0,0.0,0.0,0.0,0.0,0.0,0.0,0.0,0.0,0.0,0.0,0.0,454.474611596173,454.08437550746805,455.9468759104948,454.673836571004,241,294.0
0.0,0.0,0.0,0.0,0.0,0.0,0.0,0.0,0.0,0.0,0.0,0.0,0.0,454.474611596173,454.08437550746805,455.9468759104948,454.673836571004,242,294.0
0.0,0.0,0.0,0.0,0.0,0.0,0.0,0.0,0.0,0.0,0.0,0.0,0.0,454.474611596173,454.08437550746805,455.9468759104948,454.673836571004,243,294.0
0.0,0.0,0.0,0.0,0.0,0.0,0.0,0.0,0.0,0.0,0.0,0.0,0.0,454.474611596173,454.08437550746805,455.9468759104948,454.673836571004,244,294.0
0.0,0.0,0.0,0.0,0.0,0.0,0.0,0.0,0.0,0.0,0.0,0.0,0.0,454.474611596173,454.08437550746805,455.9468759104948,454.673836571004,245,294.0
0.0,0.0,0.0,0.0,0.0,0.0,0.0,0.0,0.0,0.0,0.0,0.0,0.0,454.474611596173,454.08437550746805,455.9468759104948,454.673836571004,246,294.0
0.0,0.0,0.0,0.0,0.0,0.0,0.0,0.0,0.0,0.0,0.0,0.0,0.0,454.474611596173,454.08437550746805,455.9468759104948,454.673836571004,247,294.0
0.0,0.0,0.0,0.0,0.0,0.0,0.0,0.0,0.0,0.0,0.0,0.0,0.0,454.474611596173,454.08437550746805,455.9468759104948,454.673836571004,248,294.0
0.0,0.0,0.0,0.0,0.0,0.0,0.0,0.0,0.0,0.0,0.0,0.0,0.0,454.474611596173,454.08437550746805,455.9468759104948,454.673836571004,249,294.0
0.0,0.0,0.0,0.0,0.0,0.0,0.0,0.0,0.0,0.0,0.0,0.0,0.0,454.474611596173,454.08437550746805,455.9468759104948,454.673836571004,250,294.0
0.0,0.0,0.0,0.0,0.0,0.0,0.0,0.0,0.0,0.0,0.0,0.0,0.0,454.474611596173,454.08437550746805,455.9468759104948,454.673836571004,251,294.0
0.0,0.0,0.0,0.0,0.0,0.0,0.0,0.0,0.0,0.0,0.0,0.0,0.0,454.474611596173,454.08437550746805,455.9468759104948,454.673836571004,252,294.0
0.0,0.0,0.0,0.0,0.0,0.0,0.0,0.0,0.0,0.0,0.0,0.0,0.0,454.474611596173,454.08437550746805,455.9468759104948,454.673836571004,253,294.0
0.0,0.0,0.0,0.0,0.0,0.0,0.0,0.0,0.0,0.0,0.0,0.0,0.0,454.474611596173,454.08437550746805,455.9468759104948,454.673836571004,254,294.0
0.0,0.0,0.0,0.0,0.0,0.0,0.0,0.0,0.0,0.0,0.0,0.0,0.0,454.474611596173,454.08437550746805,455.9468759104948,454.673836571004,255,294.0
0.0,0.0,0.0,0.0,0.0,0.0,0.0,0.0,0.0,0.0,0.0,0.0,0.0,454.474611596173,454.08437550746805,455.9468759104948,454.673836571004,256,294.0
0.0,0.0,0.0,0.0,0.0,0.0,0.0,0.0,0.0,0.0,0.0,0.0,0.0,454.474611596173,454.08437550746805,455.9468759104948,454.673836571004,257,294.0
0.0,0.0,0.0,0.0,0.0,0.0,0.0,0.0,0.0,0.0,0.0,0.0,0.0,454.474611596173,454.08437550746805,455.9468759104948,454.673836571004,258,294.0
0.0,0.0,0.0,0.0,0.0,0.0,0.0,0.0,0.0,0.0,0.0,0.0,0.0,454.474611596173,454.08437550746805,455.9468759104948,454.673836571004,259,294.0
0.0,0.0,0.0,0.0,0.0,0.0,0.0,0.0,0.0,0.0,0.0,0.0,0.0,454.474611596173,454.08437550746805,455.9468759104948,454.673836571004,260,294.0
0.0,0.0,0.0,0.0,0.0,0.0,0.0,0.0,0.0,0.0,0.0,0.0,0.0,454.474611596173,454.08437550746805,455.9468759104948,454.673836571004,261,294.0
0.0,0.0,0.0,0.0,0.0,0.0,0.0,0.0,0.0,0.0,0.0,0.0,0.0,454.474611596173,454.08437550746805,455.9468759104948,454.673836571004,262,294.0
0.0,0.0,0.0,0.0,0.0,0.0,0.0,0.0,0.0,0.0,0.0,0.0,0.0,454.474611596173,454.08437550746805,455.9468759104948,454.673836571004,263,294.0
0.0,0.0,0.0,0.0,0.0,0.0,0.0,0.0,0.0,0.0,0.0,0.0,0.0,454.474611596173,454.08437550746805,455.9468759104948,454.673836571004,264,294.0
0.0,0.0,0.0,0.0,0.0,0.0,0.0,0.0,0.0,0.0,0.0,0.0,0.0,454.474611596173,454.08437550746805,455.9468759104948,454.673836571004,265,294.0
0.0,0.0,0.0,0.0,0.0,0.0,0.0,0.0,0.0,0.0,0.0,0.0,0.0,454.474611596173,454.08437550746805,455.9468759104948,454.673836571004,266,294.0
0.0,0.0,0.0,0.0,0.0,0.0,0.0,0.0,0.0,0.0,0.0,0.0,0.0,454.474611596173,454.08437550746805,455.9468759104948,454.673836571004,267,294.0
0.0,0.0,0.0,0.0,0.0,0.0,0.0,0.0,0.0,0.0,0.0,0.0,0.0,454.474611596173,454.08437550746805,455.9468759104948,454.673836571004,268,294.0
0.0,0.0,0.0,0.0,0.0,0.0,0.0,0.0,0.0,0.0,0.0,0.0,0.0,454.474611596173,454.08437550746805,455.9468759104948,454.673836571004,269,294.0
0.0,0.0,0.0,0.0,0.0,0.0,0.0,0.0,0.0,0.0,0.0,0.0,0.0,454.474611596173,454.08437550746805,455.9468759104948,454.673836571004,270,294.0
0.0,0.0,0.0,0.0,0.0,0.0,0.0,0.0,0.0,0.0,0.0,0.0,0.0,454.474611596173,454.08437550746805,455.9468759104948,454.673836571004,271,294.0
0.0,0.0,0.0,0.0,0.0,0.0,0.0,0.0,0.0,0.0,0.0,0.0,0.0,454.474611596173,454.08437550746805,455.9468759104948,454.673836571004,272,294.0
0.0,0.0,0.0,0.0,0.0,0.0,0.0,0.0,0.0,0.0,0.0,0.0,0.0,454.474611596173,454.08437550746805,455.9468759104948,454.673836571004,273,294.0
0.0,0.0,0.0,0.0,0.0,0.0,0.0,0.0,0.0,0.0,0.0,0.0,0.0,454.474611596173,454.08437550746805,455.9468759104948,454.673836571004,274,294.0
0.0,0.0,0.0,0.0,0.0,0.0,0.0,0.0,0.0,0.0,0.0,0.0,0.0,454.474611596173,454.08437550746805,455.9468759104948,454.673836571004,275,294.0
0.0,0.0,0.0,0.0,0.0,0.0,0.0,0.0,0.0,0.0,0.0,0.0,0.0,454.474611596173,454.08437550746805,455.9468759104948,454.673836571004,276,294.0
0.0,0.0,0.0,0.0,0.0,0.0,0.0,0.0,0.0,0.0,0.0,0.0,0.0,454.474611596173,454.08437550746805,455.9468759104948,454.673836571004,277,294.0
0.0,0.0,0.0,0.0,0.0,0.0,0.0,0.0,0.0,0.0,0.0,0.0,0.0,454.474611596173,454.08437550746805,455.9468759104948,454.673836571004,278,294.0
0.0,0.0,0.0,0.0,0.0,0.0,0.0,0.0,0.0,0.0,0.0,0.0,0.0,454.474611596173,454.08437550746805,455.9468759104948,454.673836571004,279,294.0
0.0,0.0,0.0,0.0,0.0,0.0,0.0,0.0,0.0,0.0,0.0,0.0,0.0,454.474611596173,454.08437550746805,455.9468759104948,454.673836571004,280,294.0
0.0,0.0,0.0,0.0,0.0,0.0,0.0,0.0,0.0,0.0,0.0,0.0,0.0,454.474611596173,454.08437550746805,455.9468759104948,454.673836571004,281,294.0
0.0,0.0,0.0,0.0,0.0,0.0,0.0,0.0,0.0,0.0,0.0,0.0,0.0,454.474611596173,454.08437550746805,455.9468759104948,454.673836571004,282,294.0
0.0,0.0,0.0,0.0,0.0,0.0,0.0,0.0,0.0,0.0,0.0,0.0,0.0,454.474611596173,454.08437550746805,455.9468759104948,454.673836571004,283,294.0
0.0,0.0,0.0,0.0,0.0,0.0,0.0,0.0,0.0,0.0,0.0,0.0,0.0,454.474611596173,454.08437550746805,455.9468759104948,454.673836571004,284,294.0
0.0,0.0,0.0,0.0,0.0,0.0,0.0,0.0,0.0,0.0,0.0,0.0,0.0,454.474611596173,454.08437550746805,455.9468759104948,454.673836571004,285,294.0
0.0,0.0,0.0,0.0,0.0,0.0,0.0,0.0,0.0,0.0,0.0,0.0,0.0,454.474611596173,454.08437550746805,455.9468759104948,454.673836571004,286,294.0
0.0,0.0,0.0,0.0,0.0,0.0,0.0,0.0,0.0,0.0,0.0,0.0,0.0,454.474611596173,454.08437550746805,455.9468759104948,454.673836571004,287,294.0
0.0,0.0,0.0,0.0,0.0,0.0,0.0,0.0,0.0,0.0,0.0,0.0,0.0,454.474611596173,454.08437550746805,455.9468759104948,454.673836571004,288,294.0
0.0,0.0,0.0,0.0,0.0,0.0,0.0,0.0,0.0,0.0,0.0,0.0,0.0,454.474611596173,454.08437550746805,455.9468759104948,454.673836571004,289,294.0
0.0,0.0,0.0,0.0,0.0,0.0,0.0,0.0,0.0,0.0,0.0,0.0,0.0,454.474611596173,454.08437550746805,455.9468759104948,454.673836571004,290,294.0
0.0,0.0,0.0,0.0,0.0,0.0,0.0,0.0,0.0,0.0,0.0,0.0,0.0,454.474611596173,454.08437550746805,455.9468759104948,454.673836571004,291,294.0
0.0,0.0,0.0,0.0,0.0,0.0,0.0,0.0,0.0,0.0,0.0,0.0,0.0,454.474611596173,454.08437550746805,455.9468759104948,454.673836571004,292,294.0
0.0,0.0,0.0,0.0,0.0,0.0,0.0,0.0,0.0,0.0,0.0,0.0,0.0,454.474611596173,454.08437550746805,455.9468759104948,454.673836571004,293,294.0
0.0,0.0,0.0,0.0,0.0,0.0,0.0,0.0,0.0,0.0,0.0,0.0,0.0,454.474611596173,454.08437550746805,455.9468759104948,454.673836571004,294,294.0
0.0,0.0,0.0,0.0,0.0,0.0,0.0,0.0,0.0,0.0,0.0,0.0,0.0,454.474611596173,454.08437550746805,455.9468759104948,454.673836571004,295,294.0
0.0,0.0,0.0,0.0,0.0,0.0,0.0,0.0,0.0,0.0,0.0,0.0,0.0,454.474611596173,454.08437550746805,455.9468759104948,454.673836571004,296,294.0
0.0,0.0,0.0,0.0,0.0,0.0,0.0,0.0,0.0,0.0,0.0,0.0,0.0,454.474611596173,454.08437550746805,455.9468759104948,454.673836571004,297,294.0
0.0,0.0,0.0,0.0,0.0,0.0,0.0,0.0,0.0,0.0,0.0,0.0,0.0,454.474611596173,454.08437550746805,455.9468759104948,454.673836571004,298,294.0
0.0,0.0,0.0,0.0,0.0,0.0,0.0,0.0,0.0,0.0,0.0,0.0,0.0,454.474611596173,454.08437550746805,455.9468759104948,454.673836571004,299,294.0
0.0,0.0,0.0,0.0,0.0,0.0,0.0,0.0,0.0,0.0,0.0,0.0,0.0,454.474611596173,454.08437550746805,455.9468759104948,454.673836571004,300,294.0
0.0,0.0,0.0,0.0,0.0,0.0,0.0,0.0,0.0,0.0,0.0,0.0,0.0,454.474611596173,454.08437550746805,455.9468759104948,454.673836571004,301,294.0
0.0,0.0,0.0,0.0,0.0,0.0,0.0,0.0,0.0,0.0,0.0,0.0,0.0,454.474611596173,454.08437550746805,455.9468759104948,454.673836571004,302,294.0
0.0,0.0,0.0,0.0,0.0,0.0,0.0,0.0,0.0,0.0,0.0,0.0,0.0,454.474611596173,454.08437550746805,455.9468759104948,454.673836571004,303,294.0
0.0,0.0,0.0,0.0,0.0,0.0,0.0,0.0,0.0,0.0,0.0,0.0,0.0,454.474611596173,454.08437550746805,455.9468759104948,454.673836571004,304,294.0
0.0,0.0,0.0,0.0,0.0,0.0,0.0,0.0,0.0,0.0,0.0,0.0,0.0,454.474611596173,454.08437550746805,455.9468759104948,454.673836571004,305,294.0
0.0,0.0,0.0,0.0,0.0,0.0,0.0,0.0,0.0,0.0,0.0,0.0,0.0,454.474611596173,454.08437550746805,455.9468759104948,454.673836571004,306,294.0
0.0,0.0,0.0,0.0,0.0,0.0,0.0,0.0,0.0,0.0,0.0,0.0,0.0,454.474611596173,454.08437550746805,455.9468759104948,454.673836571004,307,294.0
0.0,0.0,0.0,0.0,0.0,0.0,0.0,0.0,0.0,0.0,0.0,0.0,0.0,454.474611596173,454.08437550746805,455.9468759104948,454.673836571004,308,294.0
0.0,0.0,0.0,0.0,0.0,0.0,0.0,0.0,0.0,0.0,0.0,0.0,0.0,454.474611596173,454.08437550746805,455.9468759104948,454.673836571004,309,294.0
0.0,0.0,0.0,0.0,0.0,0.0,0.0,0.0,0.0,0.0,0.0,0.0,0.0,454.474611596173,454.08437550746805,455.9468759104948,454.673836571004,310,294.0
0.0,0.0,0.0,0.0,0.0,0.0,0.0,0.0,0.0,0.0,0.0,0.0,0.0,454.474611596173,454.08437550746805,455.9468759104948,454.673836571004,311,294.0
0.0,0.0,0.0,0.0,0.0,0.0,0.0,0.0,0.0,0.0,0.0,0.0,0.0,454.474611596173,454.08437550746805,455.9468759104948,454.673836571004,312,294.0
0.0,0.0,0.0,0.0,0.0,0.0,0.0,0.0,0.0,0.0,0.0,0.0,0.0,454.474611596173,454.08437550746805,455.9468759104948,454.673836571004,313,294.0
0.0,0.0,0.0,0.0,0.0,0.0,0.0,0.0,0.0,0.0,0.0,0.0,0.0,454.474611596173,454.08437550746805,455.9468759104948,454.673836571004,314,294.0
0.0,0.0,0.0,0.0,0.0,0.0,0.0,0.0,0.0,0.0,0.0,0.0,0.0,454.474611596173,454.08437550746805,455.9468759104948,454.673836571004,315,294.0
0.0,0.0,0.0,0.0,0.0,0.0,0.0,0.0,0.0,0.0,0.0,0.0,0.0,454.474611596173,454.08437550746805,455.9468759104948,454.673836571004,316,294.0
0.0,0.0,0.0,0.0,0.0,0.0,0.0,0.0,0.0,0.0,0.0,0.0,0.0,454.474611596173,454.08437550746805,455.9468759104948,454.673836571004,317,294.0
0.0,0.0,0.0,0.0,0.0,0.0,0.0,0.0,0.0,0.0,0.0,0.0,0.0,454.474611596173,454.08437550746805,455.9468759104948,454.673836571004,318,294.0
0.0,0.0,0.0,0.0,0.0,0.0,0.0,0.0,0.0,0.0,0.0,0.0,0.0,454.474611596173,454.08437550746805,455.9468759104948,454.673836571004,319,294.0
0.0,0.0,0.0,0.0,0.0,0.0,0.0,0.0,0.0,0.0,0.0,0.0,0.0,454.474611596173,454.08437550746805,455.9468759104948,454.673836571004,320,294.0
0.0,0.0,0.0,0.0,0.0,0.0,0.0,0.0,0.0,0.0,0.0,0.0,0.0,454.474611596173,454.08437550746805,455.9468759104948,454.673836571004,321,294.0
0.0,0.0,0.0,0.0,0.0,0.0,0.0,0.0,0.0,0.0,0.0,0.0,0.0,454.474611596173,454.08437550746805,455.9468759104948,454.673836571004,322,294.0
0.0,0.0,0.0,0.0,0.0,0.0,0.0,0.0,0.0,0.0,0.0,0.0,0.0,454.474611596173,454.08437550746805,455.9468759104948,454.673836571004,323,294.0
0.0,0.0,0.0,0.0,0.0,0.0,0.0,0.0,0.0,0.0,0.0,0.0,0.0,454.474611596173,454.08437550746805,455.9468759104948,454.673836571004,324,294.0
0.0,0.0,0.0,0.0,0.0,0.0,0.0,0.0,0.0,0.0,0.0,0.0,0.0,454.474611596173,454.08437550746805,455.9468759104948,454.673836571004,325,294.0
0.0,0.0,0.0,0.0,0.0,0.0,0.0,0.0,0.0,0.0,0.0,0.0,0.0,454.474611596173,454.08437550746805,455.9468759104948,454.673836571004,326,294.0
0.0,0.0,0.0,0.0,0.0,0.0,0.0,0.0,0.0,0.0,0.0,0.0,0.0,454.474611596173,454.08437550746805,455.9468759104948,454.673836571004,327,294.0
0.0,0.0,0.0,0.0,0.0,0.0,0.0,0.0,0.0,0.0,0.0,0.0,0.0,454.474611596173,454.08437550746805,455.9468759104948,454.673836571004,328,294.0
0.0,0.0,0.0,0.0,0.0,0.0,0.0,0.0,0.0,0.0,0.0,0.0,0.0,454.474611596173,454.08437550746805,455.9468759104948,454.673836571004,329,294.0
0.0,0.0,0.0,0.0,0.0,0.0,0.0,0.0,0.0,0.0,0.0,0.0,0.0,454.474611596173,454.08437550746805,455.9468759104948,454.673836571004,330,294.0
0.0,0.0,0.0,0.0,0.0,0.0,0.0,0.0,0.0,0.0,0.0,0.0,0.0,454.474611596173,454.08437550746805,455.9468759104948,454.673836571004,331,294.0
0.0,0.0,0.0,0.0,0.0,0.0,0.0,0.0,0.0,0.0,0.0,0.0,0.0,454.474611596173,454.08437550746805,455.9468759104948,454.673836571004,332,294.0
0.0,0.0,0.0,0.0,0.0,0.0,0.0,0.0,0.0,0.0,0.0,0.0,0.0,454.474611596173,454.08437550746805,455.9468759104948,454.673836571004,333,294.0
0.0,0.0,0.0,0.0,0.0,0.0,0.0,0.0,0.0,0.0,0.0,0.0,0.0,454.474611596173,454.08437550746805,455.9468759104948,454.673836571004,334,294.0
0.0,0.0,0.0,0.0,0.0,0.0,0.0,0.0,0.0,0.0,0.0,0.0,0.0,454.474611596173,454.08437550746805,455.9468759104948,454.673836571004,335,294.0
0.0,0.0,0.0,0.0,0.0,0.0,0.0,0.0,0.0,0.0,0.0,0.0,0.0,454.474611596173,454.08437550746805,455.9468759104948,454.673836571004,336,294.0
0.0,0.0,0.0,0.0,0.0,0.0,0.0,0.0,0.0,0.0,0.0,0.0,0.0,454.474611596173,454.08437550746805,455.9468759104948,454.673836571004,337,294.0
0.0,0.0,0.0,0.0,0.0,0.0,0.0,0.0,0.0,0.0,0.0,0.0,0.0,454.474611596173,454.08437550746805,455.9468759104948,454.673836571004,338,294.0
0.0,0.0,0.0,0.0,0.0,0.0,0.0,0.0,0.0,0.0,0.0,0.0,0.0,454.474611596173,454.08437550746805,455.9468759104948,454.673836571004,339,294.0
0.0,0.0,0.0,0.0,0.0,0.0,0.0,0.0,0.0,0.0,0.0,0.0,0.0,454.474611596173,454.08437550746805,455.9468759104948,454.673836571004,340,294.0
0.0,0.0,0.0,0.0,0.0,0.0,0.0,0.0,0.0,0.0,0.0,0.0,0.0,454.474611596173,454.08437550746805,455.9468759104948,454.673836571004,341,294.0
0.0,0.0,0.0,0.0,0.0,0.0,0.0,0.0,0.0,0.0,0.0,0.0,0.0,454.474611596173,454.08437550746805,455.9468759104948,454.673836571004,342,294.0
0.0,0.0,0.0,0.0,0.0,0.0,0.0,0.0,0.0,0.0,0.0,0.0,0.0,454.474611596173,454.08437550746805,455.9468759104948,454.673836571004,343,294.0
0.0,0.0,0.0,0.0,0.0,0.0,0.0,0.0,0.0,0.0,0.0,0.0,0.0,454.474611596173,454.08437550746805,455.9468759104948,454.673836571004,344,294.0
0.0,0.0,0.0,0.0,0.0,0.0,0.0,0.0,0.0,0.0,0.0,0.0,0.0,454.474611596173,454.08437550746805,455.9468759104948,454.673836571004,345,294.0
0.0,0.0,0.0,0.0,0.0,0.0,0.0,0.0,0.0,0.0,0.0,0.0,0.0,454.474611596173,454.08437550746805,455.9468759104948,454.673836571004,346,294.0
0.0,0.0,0.0,0.0,0.0,0.0,0.0,0.0,0.0,0.0,0.0,0.0,0.0,454.474611596173,454.08437550746805,455.9468759104948,454.673836571004,347,294.0
0.0,0.0,0.0,0.0,0.0,0.0,0.0,0.0,0.0,0.0,0.0,0.0,0.0,454.474611596173,454.08437550746805,455.9468759104948,454.673836571004,348,294.0
0.0,0.0,0.0,0.0,0.0,0.0,0.0,0.0,0.0,0.0,0.0,0.0,0.0,454.474611596173,454.08437550746805,455.9468759104948,454.673836571004,349,294.0
0.0,0.0,0.0,0.0,0.0,0.0,0.0,0.0,0.0,0.0,0.0,0.0,0.0,454.474611596173,454.08437550746805,455.9468759104948,454.673836571004,350,294.0
0.0,0.0,0.0,0.0,0.0,0.0,0.0,0.0,0.0,0.0,0.0,0.0,0.0,454.474611596173,454.08437550746805,455.9468759104948,454.673836571004,351,294.0
0.0,0.0,0.0,0.0,0.0,0.0,0.0,0.0,0.0,0.0,0.0,0.0,0.0,454.474611596173,454.08437550746805,455.9468759104948,454.673836571004,352,294.0
0.0,0.0,0.0,0.0,0.0,0.0,0.0,0.0,0.0,0.0,0.0,0.0,0.0,454.474611596173,454.08437550746805,455.9468759104948,454.673836571004,353,294.0
0.0,0.0,0.0,0.0,0.0,0.0,0.0,0.0,0.0,0.0,0.0,0.0,0.0,454.474611596173,454.08437550746805,455.9468759104948,454.673836571004,354,294.0
0.0,0.0,0.0,0.0,0.0,0.0,0.0,0.0,0.0,0.0,0.0,0.0,0.0,454.474611596173,454.08437550746805,455.9468759104948,454.673836571004,355,294.0
0.0,0.0,0.0,0.0,0.0,0.0,0.0,0.0,0.0,0.0,0.0,0.0,0.0,454.474611596173,454.08437550746805,455.9468759104948,454.673836571004,356,294.0
0.0,0.0,0.0,0.0,0.0,0.0,0.0,0.0,0.0,0.0,0.0,0.0,0.0,454.474611596173,454.08437550746805,455.9468759104948,454.673836571004,357,294.0
0.0,0.0,0.0,0.0,0.0,0.0,0.0,0.0,0.0,0.0,0.0,0.0,0.0,454.474611596173,454.08437550746805,455.9468759104948,454.673836571004,358,294.0
0.0,0.0,0.0,0.0,0.0,0.0,0.0,0.0,0.0,0.0,0.0,0.0,0.0,454.474611596173,454.08437550746805,455.9468759104948,454.673836571004,359,294.0
0.0,0.0,0.0,0.0,0.0,0.0,0.0,0.0,0.0,0.0,0.0,0.0,0.0,454.474611596173,454.08437550746805,455.9468759104948,454.673836571004,360,294.0
0.0,0.0,0.0,0.0,0.0,0.0,0.0,0.0,0.0,0.0,0.0,0.0,0.0,454.474611596173,454.08437550746805,455.9468759104948,454.673836571004,361,294.0
0.0,0.0,0.0,0.0,0.0,0.0,0.0,0.0,0.0,0.0,0.0,0.0,0.0,454.474611596173,454.08437550746805,455.9468759104948,454.673836571004,362,294.0
0.0,0.0,0.0,0.0,0.0,0.0,0.0,0.0,0.0,0.0,0.0,0.0,0.0,454.474611596173,454.08437550746805,455.9468759104948,454.673836571004,363,294.0
0.0,0.0,0.0,0.0,0.0,0.0,0.0,0.0,0.0,0.0,0.0,0.0,0.0,454.474611596173,454.08437550746805,455.9468759104948,454.673836571004,364,294.0
0.0,0.0,0.0,0.0,0.0,0.0,0.0,0.0,0.0,0.0,0.0,0.0,0.0,454.474611596173,454.08437550746805,455.9468759104948,454.673836571004,365,294.0
0.0,0.0,0.0,0.0,0.0,0.0,0.0,0.0,0.0,0.0,0.0,0.0,0.0,454.474611596173,454.08437550746805,455.9468759104948,454.673836571004,366,294.0
0.0,0.0,0.0,0.0,0.0,0.0,0.0,0.0,0.0,0.0,0.0,0.0,0.0,454.474611596173,454.08437550746805,455.9468759104948,454.673836571004,367,294.0
0.0,0.0,0.0,0.0,0.0,0.0,0.0,0.0,0.0,0.0,0.0,0.0,0.0,454.474611596173,454.08437550746805,455.9468759104948,454.673836571004,368,294.0
0.0,0.0,0.0,0.0,0.0,0.0,0.0,0.0,0.0,0.0,0.0,0.0,0.0,454.474611596173,454.08437550746805,455.9468759104948,454.673836571004,369,294.0
0.0,0.0,0.0,0.0,0.0,0.0,0.0,0.0,0.0,0.0,0.0,0.0,0.0,454.474611596173,454.08437550746805,455.9468759104948,454.673836571004,370,294.0
0.0,0.0,0.0,0.0,0.0,0.0,0.0,0.0,0.0,0.0,0.0,0.0,0.0,454.474611596173,454.08437550746805,455.9468759104948,454.673836571004,371,294.0
0.0,0.0,0.0,0.0,0.0,0.0,0.0,0.0,0.0,0.0,0.0,0.0,0.0,454.474611596173,454.08437550746805,455.9468759104948,454.673836571004,372,294.0
0.0,0.0,0.0,0.0,0.0,0.0,0.0,0.0,0.0,0.0,0.0,0.0,0.0,454.474611596173,454.08437550746805,455.9468759104948,454.673836571004,373,294.0
0.0,0.0,0.0,0.0,0.0,0.0,0.0,0.0,0.0,0.0,0.0,0.0,0.0,454.474611596173,454.08437550746805,455.9468759104948,454.673836571004,374,294.0
0.0,0.0,0.0,0.0,0.0,0.0,0.0,0.0,0.0,0.0,0.0,0.0,0.0,454.474611596173,454.08437550746805,455.9468759104948,454.673836571004,375,294.0
0.0,0.0,0.0,0.0,0.0,0.0,0.0,0.0,0.0,0.0,0.0,0.0,0.0,454.474611596173,454.08437550746805,455.9468759104948,454.673836571004,376,294.0
0.0,0.0,0.0,0.0,0.0,0.0,0.0,0.0,0.0,0.0,0.0,0.0,0.0,454.474611596173,454.08437550746805,455.9468759104948,454.673836571004,377,294.0
0.0,0.0,0.0,0.0,0.0,0.0,0.0,0.0,0.0,0.0,0.0,0.0,0.0,454.474611596173,454.08437550746805,455.9468759104948,454.673836571004,378,294.0
0.0,0.0,0.0,0.0,0.0,0.0,0.0,0.0,0.0,0.0,0.0,0.0,0.0,454.474611596173,454.08437550746805,455.9468759104948,454.673836571004,379,294.0
0.0,0.0,0.0,0.0,0.0,0.0,0.0,0.0,0.0,0.0,0.0,0.0,0.0,454.474611596173,454.08437550746805,455.9468759104948,454.673836571004,380,294.0
0.0,0.0,0.0,0.0,0.0,0.0,0.0,0.0,0.0,0.0,0.0,0.0,0.0,454.474611596173,454.08437550746805,455.9468759104948,454.673836571004,381,294.0
0.0,0.0,0.0,0.0,0.0,0.0,0.0,0.0,0.0,0.0,0.0,0.0,0.0,454.474611596173,454.08437550746805,455.9468759104948,454.673836571004,382,294.0
0.0,0.0,0.0,0.0,0.0,0.0,0.0,0.0,0.0,0.0,0.0,0.0,0.0,454.474611596173,454.08437550746805,455.9468759104948,454.673836571004,383,294.0
0.0,0.0,0.0,0.0,0.0,0.0,0.0,0.0,0.0,0.0,0.0,0.0,0.0,454.474611596173,454.08437550746805,455.9468759104948,454.673836571004,384,294.0
0.0,0.0,0.0,0.0,0.0,0.0,0.0,0.0,0.0,0.0,0.0,0.0,0.0,454.474611596173,454.08437550746805,455.9468759104948,454.673836571004,385,294.0
0.0,0.0,0.0,0.0,0.0,0.0,0.0,0.0,0.0,0.0,0.0,0.0,0.0,454.474611596173,454.08437550746805,455.9468759104948,454.673836571004,386,294.0
0.0,0.0,0.0,0.0,0.0,0.0,0.0,0.0,0.0,0.0,0.0,0.0,0.0,454.474611596173,454.08437550746805,455.9468759104948,454.673836571004,387,294.0
0.0,0.0,0.0,0.0,0.0,0.0,0.0,0.0,0.0,0.0,0.0,0.0,0.0,454.474611596173,454.08437550746805,455.9468759104948,454.673836571004,388,294.0
0.0,0.0,0.0,0.0,0.0,0.0,0.0,0.0,0.0,0.0,0.0,0.0,0.0,454.474611596173,454.08437550746805,455.9468759104948,454.673836571004,389,294.0
0.0,0.0,0.0,0.0,0.0,0.0,0.0,0.0,0.0,0.0,0.0,0.0,0.0,454.474611596173,454.08437550746805,455.9468759104948,454.673836571004,390,294.0
0.0,0.0,0.0,0.0,0.0,0.0,0.0,0.0,0.0,0.0,0.0,0.0,0.0,454.474611596173,454.08437550746805,455.9468759104948,454.673836571004,391,294.0
0.0,0.0,0.0,0.0,0.0,0.0,0.0,0.0,0.0,0.0,0.0,0.0,0.0,454.474611596173,454.08437550746805,455.9468759104948,454.673836571004,392,294.0
0.0,0.0,0.0,0.0,0.0,0.0,0.0,0.0,0.0,0.0,0.0,0.0,0.0,454.474611596173,454.08437550746805,455.9468759104948,454.673836571004,393,294.0
0.0,0.0,0.0,0.0,0.0,0.0,0.0,0.0,0.0,0.0,0.0,0.0,0.0,454.474611596173,454.08437550746805,455.9468759104948,454.673836571004,394,294.0
0.0,0.0,0.0,0.0,0.0,0.0,0.0,0.0,0.0,0.0,0.0,0.0,0.0,454.474611596173,454.08437550746805,455.9468759104948,454.673836571004,395,294.0
0.0,0.0,0.0,0.0,0.0,0.0,0.0,0.0,0.0,0.0,0.0,0.0,0.0,454.474611596173,454.08437550746805,455.9468759104948,454.673836571004,396,294.0
0.0,0.0,0.0,0.0,0.0,0.0,0.0,0.0,0.0,0.0,0.0,0.0,0.0,454.474611596173,454.08437550746805,455.9468759104948,454.673836571004,397,294.0
0.0,0.0,0.0,0.0,0.0,0.0,0.0,0.0,0.0,0.0,0.0,0.0,0.0,454.474611596173,454.08437550746805,455.9468759104948,454.673836571004,398,294.0
0.0,0.0,0.0,0.0,0.0,0.0,0.0,0.0,0.0,0.0,0.0,0.0,0.0,454.474611596173,454.08437550746805,455.9468759104948,454.673836571004,399,294.0
0.0,0.0,0.0,0.0,0.0,0.0,0.0,0.0,0.0,0.0,0.0,0.0,0.0,454.474611596173,454.08437550746805,455.9468759104948,454.673836571004,400,294.0
0.0,0.0,0.0,0.0,0.0,0.0,0.0,0.0,0.0,0.0,0.0,0.0,0.0,454.474611596173,454.08437550746805,455.9468759104948,454.673836571004,401,294.0
0.0,0.0,0.0,0.0,0.0,0.0,0.0,0.0,0.0,0.0,0.0,0.0,0.0,454.474611596173,454.08437550746805,455.9468759104948,454.673836571004,402,294.0
0.0,0.0,0.0,0.0,0.0,0.0,0.0,0.0,0.0,0.0,0.0,0.0,0.0,454.474611596173,454.08437550746805,455.9468759104948,454.673836571004,403,294.0
0.0,0.0,0.0,0.0,0.0,0.0,0.0,0.0,0.0,0.0,0.0,0.0,0.0,454.474611596173,454.08437550746805,455.9468759104948,454.673836571004,404,294.0
0.0,0.0,0.0,0.0,0.0,0.0,0.0,0.0,0.0,0.0,0.0,0.0,0.0,454.474611596173,454.08437550746805,455.9468759104948,454.673836571004,405,294.0
0.0,0.0,0.0,0.0,0.0,0.0,0.0,0.0,0.0,0.0,0.0,0.0,0.0,454.474611596173,454.08437550746805,455.9468759104948,454.673836571004,406,294.0
0.0,0.0,0.0,0.0,0.0,0.0,0.0,0.0,0.0,0.0,0.0,0.0,0.0,454.474611596173,454.08437550746805,455.9468759104948,454.673836571004,407,294.0
0.0,0.0,0.0,0.0,0.0,0.0,0.0,0.0,0.0,0.0,0.0,0.0,0.0,454.474611596173,454.08437550746805,455.9468759104948,454.673836571004,408,294.0
0.0,0.0,0.0,0.0,0.0,0.0,0.0,0.0,0.0,0.0,0.0,0.0,0.0,454.474611596173,454.08437550746805,455.9468759104948,454.673836571004,409,294.0
0.0,0.0,0.0,0.0,0.0,0.0,0.0,0.0,0.0,0.0,0.0,0.0,0.0,454.474611596173,454.08437550746805,455.9468759104948,454.673836571004,410,294.0
0.0,0.0,0.0,0.0,0.0,0.0,0.0,0.0,0.0,0.0,0.0,0.0,0.0,454.474611596173,454.08437550746805,455.9468759104948,454.673836571004,411,294.0
0.0,0.0,0.0,0.0,0.0,0.0,0.0,0.0,0.0,0.0,0.0,0.0,0.0,454.474611596173,454.08437550746805,455.9468759104948,454.673836571004,412,294.0
0.0,0.0,0.0,0.0,0.0,0.0,0.0,0.0,0.0,0.0,0.0,0.0,0.0,454.474611596173,454.08437550746805,455.9468759104948,454.673836571004,413,294.0
0.0,0.0,0.0,0.0,0.0,0.0,0.0,0.0,0.0,0.0,0.0,0.0,0.0,454.474611596173,454.08437550746805,455.9468759104948,454.673836571004,414,294.0
0.0,0.0,0.0,0.0,0.0,0.0,0.0,0.0,0.0,0.0,0.0,0.0,0.0,454.474611596173,454.08437550746805,455.9468759104948,454.673836571004,415,294.0
0.0,0.0,0.0,0.0,0.0,0.0,0.0,0.0,0.0,0.0,0.0,0.0,0.0,454.474611596173,454.08437550746805,455.9468759104948,454.673836571004,416,294.0
0.0,0.0,0.0,0.0,0.0,0.0,0.0,0.0,0.0,0.0,0.0,0.0,0.0,454.474611596173,454.08437550746805,455.9468759104948,454.673836571004,417,294.0
0.0,0.0,0.0,0.0,0.0,0.0,0.0,0.0,0.0,0.0,0.0,0.0,0.0,454.474611596173,454.08437550746805,455.9468759104948,454.673836571004,418,294.0
0.0,0.0,0.0,0.0,0.0,0.0,0.0,0.0,0.0,0.0,0.0,0.0,0.0,454.474611596173,454.08437550746805,455.9468759104948,454.673836571004,419,294.0
0.0,0.0,0.0,0.0,0.0,0.0,0.0,0.0,0.0,0.0,0.0,0.0,0.0,454.474611596173,454.08437550746805,455.9468759104948,454.673836571004,420,294.0
0.0,0.0,0.0,0.0,0.0,0.0,0.0,0.0,0.0,0.0,0.0,0.0,0.0,454.474611596173,454.08437550746805,455.9468759104948,454.673836571004,421,294.0
0.0,0.0,0.0,0.0,0.0,0.0,0.0,0.0,0.0,0.0,0.0,0.0,0.0,454.474611596173,454.08437550746805,455.9468759104948,454.673836571004,422,294.0
0.0,0.0,0.0,0.0,0.0,0.0,0.0,0.0,0.0,0.0,0.0,0.0,0.0,454.474611596173,454.08437550746805,455.9468759104948,454.673836571004,423,294.0
0.0,0.0,0.0,0.0,0.0,0.0,0.0,0.0,0.0,0.0,0.0,0.0,0.0,454.474611596173,454.08437550746805,455.9468759104948,454.673836571004,424,294.0
0.0,0.0,0.0,0.0,0.0,0.0,0.0,0.0,0.0,0.0,0.0,0.0,0.0,454.474611596173,454.08437550746805,455.9468759104948,454.673836571004,425,294.0
0.0,0.0,0.0,0.0,0.0,0.0,0.0,0.0,0.0,0.0,0.0,0.0,0.0,454.474611596173,454.08437550746805,455.9468759104948,454.673836571004,426,294.0
0.0,0.0,0.0,0.0,0.0,0.0,0.0,0.0,0.0,0.0,0.0,0.0,0.0,454.474611596173,454.08437550746805,455.9468759104948,454.673836571004,427,294.0
0.0,0.0,0.0,0.0,0.0,0.0,0.0,0.0,0.0,0.0,0.0,0.0,0.0,454.474611596173,454.08437550746805,455.9468759104948,454.673836571004,428,294.0
0.0,0.0,0.0,0.0,0.0,0.0,0.0,0.0,0.0,0.0,0.0,0.0,0.0,454.474611596173,454.08437550746805,455.9468759104948,454.673836571004,429,294.0
0.0,0.0,0.0,0.0,0.0,0.0,0.0,0.0,0.0,0.0,0.0,0.0,0.0,454.474611596173,454.08437550746805,455.9468759104948,454.673836571004,430,294.0
0.0,0.0,0.0,0.0,0.0,0.0,0.0,0.0,0.0,0.0,0.0,0.0,0.0,454.474611596173,454.08437550746805,455.9468759104948,454.673836571004,431,294.0
0.0,0.0,0.0,0.0,0.0,0.0,0.0,0.0,0.0,0.0,0.0,0.0,0.0,454.474611596173,454.08437550746805,455.9468759104948,454.673836571004,432,294.0
0.0,0.0,0.0,0.0,0.0,0.0,0.0,0.0,0.0,0.0,0.0,0.0,0.0,454.474611596173,454.08437550746805,455.9468759104948,454.673836571004,433,294.0
0.0,0.0,0.0,0.0,0.0,0.0,0.0,0.0,0.0,0.0,0.0,0.0,0.0,454.474611596173,454.08437550746805,455.9468759104948,454.673836571004,434,294.0
0.0,0.0,0.0,0.0,0.0,0.0,0.0,0.0,0.0,0.0,0.0,0.0,0.0,454.474611596173,454.08437550746805,455.9468759104948,454.673836571004,435,294.0
0.0,0.0,0.0,0.0,0.0,0.0,0.0,0.0,0.0,0.0,0.0,0.0,0.0,454.474611596173,454.08437550746805,455.9468759104948,454.673836571004,436,294.0
0.0,0.0,0.0,0.0,0.0,0.0,0.0,0.0,0.0,0.0,0.0,0.0,0.0,454.474611596173,454.08437550746805,455.9468759104948,454.673836571004,437,294.0
0.0,0.0,0.0,0.0,0.0,0.0,0.0,0.0,0.0,0.0,0.0,0.0,0.0,454.474611596173,454.08437550746805,455.9468759104948,454.673836571004,438,294.0
0.0,0.0,0.0,0.0,0.0,0.0,0.0,0.0,0.0,0.0,0.0,0.0,0.0,454.474611596173,454.08437550746805,455.9468759104948,454.673836571004,439,294.0
0.0,0.0,0.0,0.0,0.0,0.0,0.0,0.0,0.0,0.0,0.0,0.0,0.0,454.474611596173,454.08437550746805,455.9468759104948,454.673836571004,440,294.0
0.0,0.0,0.0,0.0,0.0,0.0,0.0,0.0,0.0,0.0,0.0,0.0,0.0,454.474611596173,454.08437550746805,455.9468759104948,454.673836571004,441,294.0
0.0,0.0,0.0,0.0,0.0,0.0,0.0,0.0,0.0,0.0,0.0,0.0,0.0,454.474611596173,454.08437550746805,455.9468759104948,454.673836571004,442,294.0
0.0,0.0,0.0,0.0,0.0,0.0,0.0,0.0,0.0,0.0,0.0,0.0,0.0,454.474611596173,454.08437550746805,455.9468759104948,454.673836571004,443,294.0
0.0,0.0,0.0,0.0,0.0,0.0,0.0,0.0,0.0,0.0,0.0,0.0,0.0,454.474611596173,454.08437550746805,455.9468759104948,454.673836571004,444,294.0
0.0,0.0,0.0,0.0,0.0,0.0,0.0,0.0,0.0,0.0,0.0,0.0,0.0,454.474611596173,454.08437550746805,455.9468759104948,454.673836571004,445,294.0
0.0,0.0,0.0,0.0,0.0,0.0,0.0,0.0,0.0,0.0,0.0,0.0,0.0,454.474611596173,454.08437550746805,455.9468759104948,454.673836571004,446,294.0
0.0,0.0,0.0,0.0,0.0,0.0,0.0,0.0,0.0,0.0,0.0,0.0,0.0,454.474611596173,454.08437550746805,455.9468759104948,454.673836571004,447,294.0
0.0,0.0,0.0,0.0,0.0,0.0,0.0,0.0,0.0,0.0,0.0,0.0,0.0,454.474611596173,454.08437550746805,455.9468759104948,454.673836571004,448,294.0
0.0,0.0,0.0,0.0,0.0,0.0,0.0,0.0,0.0,0.0,0.0,0.0,0.0,454.474611596173,454.08437550746805,455.9468759104948,454.673836571004,449,294.0
0.0,0.0,0.0,0.0,0.0,0.0,0.0,0.0,0.0,0.0,0.0,0.0,0.0,454.474611596173,454.08437550746805,455.9468759104948,454.673836571004,450,294.0
0.0,0.0,0.0,0.0,0.0,0.0,0.0,0.0,0.0,0.0,0.0,0.0,0.0,454.474611596173,454.08437550746805,455.9468759104948,454.673836571004,451,294.0
0.0,0.0,0.0,0.0,0.0,0.0,0.0,0.0,0.0,0.0,0.0,0.0,0.0,454.474611596173,454.08437550746805,455.9468759104948,454.673836571004,452,294.0
0.0,0.0,0.0,0.0,0.0,0.0,0.0,0.0,0.0,0.0,0.0,0.0,0.0,454.474611596173,454.08437550746805,455.9468759104948,454.673836571004,453,294.0
0.0,0.0,0.0,0.0,0.0,0.0,0.0,0.0,0.0,0.0,0.0,0.0,0.0,454.474611596173,454.08437550746805,455.9468759104948,454.673836571004,454,294.0
0.0,0.0,0.0,0.0,0.0,0.0,0.0,0.0,0.0,0.0,0.0,0.0,0.0,454.474611596173,454.08437550746805,455.9468759104948,454.673836571004,455,294.0
0.0,0.0,0.0,0.0,0.0,0.0,0.0,0.0,0.0,0.0,0.0,0.0,0.0,454.474611596173,454.08437550746805,455.9468759104948,454.673836571004,456,294.0
0.0,0.0,0.0,0.0,0.0,0.0,0.0,0.0,0.0,0.0,0.0,0.0,0.0,454.474611596173,454.08437550746805,455.9468759104948,454.673836571004,457,294.0
0.0,0.0,0.0,0.0,0.0,0.0,0.0,0.0,0.0,0.0,0.0,0.0,0.0,454.474611596173,454.08437550746805,455.9468759104948,454.673836571004,458,294.0
0.0,0.0,0.0,0.0,0.0,0.0,0.0,0.0,0.0,0.0,0.0,0.0,0.0,454.474611596173,454.08437550746805,455.9468759104948,454.673836571004,459,294.0
0.0,0.0,0.0,0.0,0.0,0.0,0.0,0.0,0.0,0.0,0.0,0.0,0.0,454.474611596173,454.08437550746805,455.9468759104948,454.673836571004,460,294.0
0.0,0.0,0.0,0.0,0.0,0.0,0.0,0.0,0.0,0.0,0.0,0.0,0.0,454.474611596173,454.08437550746805,455.9468759104948,454.673836571004,461,294.0
0.0,0.0,0.0,0.0,0.0,0.0,0.0,0.0,0.0,0.0,0.0,0.0,0.0,454.474611596173,454.08437550746805,455.9468759104948,454.673836571004,462,294.0
0.0,0.0,0.0,0.0,0.0,0.0,0.0,0.0,0.0,0.0,0.0,0.0,0.0,454.474611596173,454.08437550746805,455.9468759104948,454.673836571004,463,294.0
0.0,0.0,0.0,0.0,0.0,0.0,0.0,0.0,0.0,0.0,0.0,0.0,0.0,454.474611596173,454.08437550746805,455.9468759104948,454.673836571004,464,294.0
0.0,0.0,0.0,0.0,0.0,0.0,0.0,0.0,0.0,0.0,0.0,0.0,0.0,454.474611596173,454.08437550746805,455.9468759104948,454.673836571004,465,294.0
0.0,0.0,0.0,0.0,0.0,0.0,0.0,0.0,0.0,0.0,0.0,0.0,0.0,454.474611596173,454.08437550746805,455.9468759104948,454.673836571004,466,294.0
0.0,0.0,0.0,0.0,0.0,0.0,0.0,0.0,0.0,0.0,0.0,0.0,0.0,454.474611596173,454.08437550746805,455.9468759104948,454.673836571004,467,294.0
0.0,0.0,0.0,0.0,0.0,0.0,0.0,0.0,0.0,0.0,0.0,0.0,0.0,454.474611596173,454.08437550746805,455.9468759104948,454.673836571004,468,294.0
0.0,0.0,0.0,0.0,0.0,0.0,0.0,0.0,0.0,0.0,0.0,0.0,0.0,454.474611596173,454.08437550746805,455.9468759104948,454.673836571004,469,294.0
0.0,0.0,0.0,0.0,0.0,0.0,0.0,0.0,0.0,0.0,0.0,0.0,0.0,454.474611596173,454.08437550746805,455.9468759104948,454.673836571004,470,294.0
0.0,0.0,0.0,0.0,0.0,0.0,0.0,0.0,0.0,0.0,0.0,0.0,0.0,454.474611596173,454.08437550746805,455.9468759104948,454.673836571004,471,294.0
0.0,0.0,0.0,0.0,0.0,0.0,0.0,0.0,0.0,0.0,0.0,0.0,0.0,454.474611596173,454.08437550746805,455.9468759104948,454.673836571004,472,294.0
0.0,0.0,0.0,0.0,0.0,0.0,0.0,0.0,0.0,0.0,0.0,0.0,0.0,454.474611596173,454.08437550746805,455.9468759104948,454.673836571004,473,294.0
0.0,0.0,0.0,0.0,0.0,0.0,0.0,0.0,0.0,0.0,0.0,0.0,0.0,454.474611596173,454.08437550746805,455.9468759104948,454.673836571004,474,294.0
0.0,0.0,0.0,0.0,0.0,0.0,0.0,0.0,0.0,0.0,0.0,0.0,0.0,454.474611596173,454.08437550746805,455.9468759104948,454.673836571004,475,294.0
0.0,0.0,0.0,0.0,0.0,0.0,0.0,0.0,0.0,0.0,0.0,0.0,0.0,454.474611596173,454.08437550746805,455.9468759104948,454.673836571004,476,294.0
0.0,0.0,0.0,0.0,0.0,0.0,0.0,0.0,0.0,0.0,0.0,0.0,0.0,454.474611596173,454.08437550746805,455.9468759104948,454.673836571004,477,294.0
0.0,0.0,0.0,0.0,0.0,0.0,0.0,0.0,0.0,0.0,0.0,0.0,0.0,454.474611596173,454.08437550746805,455.9468759104948,454.673836571004,478,294.0
0.0,0.0,0.0,0.0,0.0,0.0,0.0,0.0,0.0,0.0,0.0,0.0,0.0,454.474611596173,454.08437550746805,455.9468759104948,454.673836571004,479,294.0
0.0,0.0,0.0,0.0,0.0,0.0,0.0,0.0,0.0,0.0,0.0,0.0,0.0,454.474611596173,454.08437550746805,455.9468759104948,454.673836571004,480,294.0
0.0,0.0,0.0,0.0,0.0,0.0,0.0,0.0,0.0,0.0,0.0,0.0,0.0,454.474611596173,454.08437550746805,455.9468759104948,454.673836571004,481,294.0
0.0,0.0,0.0,0.0,0.0,0.0,0.0,0.0,0.0,0.0,0.0,0.0,0.0,454.474611596173,454.08437550746805,455.9468759104948,454.673836571004,482,294.0
0.0,0.0,0.0,0.0,0.0,0.0,0.0,0.0,0.0,0.0,0.0,0.0,0.0,454.474611596173,454.08437550746805,455.9468759104948,454.673836571004,483,294.0
0.0,0.0,0.0,0.0,0.0,0.0,0.0,0.0,0.0,0.0,0.0,0.0,0.0,454.474611596173,454.08437550746805,455.9468759104948,454.673836571004,484,294.0
0.0,0.0,0.0,0.0,0.0,0.0,0.0,0.0,0.0,0.0,0.0,0.0,0.0,454.474611596173,454.08437550746805,455.9468759104948,454.673836571004,485,294.0
0.0,0.0,0.0,0.0,0.0,0.0,0.0,0.0,0.0,0.0,0.0,0.0,0.0,454.474611596173,454.08437550746805,455.9468759104948,454.673836571004,486,294.0
0.0,0.0,0.0,0.0,0.0,0.0,0.0,0.0,0.0,0.0,0.0,0.0,0.0,454.474611596173,454.08437550746805,455.9468759104948,454.673836571004,487,294.0
0.0,0.0,0.0,0.0,0.0,0.0,0.0,0.0,0.0,0.0,0.0,0.0,0.0,454.474611596173,454.08437550746805,455.9468759104948,454.673836571004,488,294.0
0.0,0.0,0.0,0.0,0.0,0.0,0.0,0.0,0.0,0.0,0.0,0.0,0.0,454.474611596173,454.08437550746805,455.9468759104948,454.673836571004,489,294.0
0.0,0.0,0.0,0.0,0.0,0.0,0.0,0.0,0.0,0.0,0.0,0.0,0.0,454.474611596173,454.08437550746805,455.9468759104948,454.673836571004,490,294.0
0.0,0.0,0.0,0.0,0.0,0.0,0.0,0.0,0.0,0.0,0.0,0.0,0.0,454.474611596173,454.08437550746805,455.9468759104948,454.673836571004,491,294.0
0.0,0.0,0.0,0.0,0.0,0.0,0.0,0.0,0.0,0.0,0.0,0.0,0.0,454.474611596173,454.08437550746805,455.9468759104948,454.673836571004,492,294.0
0.0,0.0,0.0,0.0,0.0,0.0,0.0,0.0,0.0,0.0,0.0,0.0,0.0,454.474611596173,454.08437550746805,455.9468759104948,454.673836571004,493,294.0
0.0,0.0,0.0,0.0,0.0,0.0,0.0,0.0,0.0,0.0,0.0,0.0,0.0,454.474611596173,454.08437550746805,455.9468759104948,454.673836571004,494,294.0
0.0,0.0,0.0,0.0,0.0,0.0,0.0,0.0,0.0,0.0,0.0,0.0,0.0,454.474611596173,454.08437550746805,455.9468759104948,454.673836571004,495,294.0
0.0,0.0,0.0,0.0,0.0,0.0,0.0,0.0,0.0,0.0,0.0,0.0,0.0,454.474611596173,454.08437550746805,455.9468759104948,454.673836571004,496,294.0
0.0,0.0,0.0,0.0,0.0,0.0,0.0,0.0,0.0,0.0,0.0,0.0,0.0,454.474611596173,454.08437550746805,455.9468759104948,454.673836571004,497,294.0
0.0,0.0,0.0,0.0,0.0,0.0,0.0,0.0,0.0,0.0,0.0,0.0,0.0,454.474611596173,454.08437550746805,455.9468759104948,454.673836571004,498,294.0
0.0,0.0,0.0,0.0,0.0,0.0,0.0,0.0,0.0,0.0,0.0,0.0,0.0,454.474611596173,454.08437550746805,455.9468759104948,454.673836571004,499,294.0
0.0,0.0,0.0,0.0,0.0,0.0,0.0,0.0,0.0,0.0,0.0,0.0,0.0,454.474611596173,454.08437550746805,455.9468759104948,454.673836571004,500,294.0
