customer_id,cluster
12347.0,3094
12348.0,1817
12349.0,1817
12350.0,0
12352.0,1
12353.0,2
12354.0,573
12355.0,3
12356.0,4
12357.0,733
12358.0,5
12359.0,733
12360.0,3203
12361.0,6
12362.0,271
12363.0,7
12364.0,8
12365.0,9
12367.0,10
12370.0,11
12371.0,1817
12372.0,12
12373.0,13
12374.0,14
12375.0,15
12377.0,16
12378.0,17
12379.0,2945
12380.0,18
12381.0,1817
12383.0,1817
12384.0,19
12386.0,20
12388.0,21
12390.0,22
12391.0,23
12393.0,24
12394.0,25
12395.0,26
12397.0,1887
12398.0,1921
12399.0,27
12401.0,28
12402.0,29
12403.0,30
12405.0,1921
12406.0,31
12407.0,1921
12408.0,32
12409.0,615
12410.0,33
12412.0,34
12413.0,35
12414.0,36
12415.0,2022
12417.0,37
12418.0,38
12420.0,39
12421.0,40
12422.0,41
12423.0,1817
12424.0,1921
12425.0,42
12426.0,43
12427.0,44
12428.0,45
12429.0,46
12430.0,47
12431.0,48
12432.0,1606
12433.0,194
12434.0,49
12435.0,50
12436.0,51
12437.0,1606
12438.0,52
12441.0,53
12442.0,54
12444.0,1606
12445.0,55
12446.0,573
12447.0,56
12448.0,57
12449.0,58
12450.0,59
12451.0,60
12452.0,61
12453.0,62
12455.0,1887
12456.0,63
12457.0,64
12458.0,376
12461.0,65
12462.0,66
12463.0,67
12464.0,68
12465.0,69
12468.0,70
12471.0,2022
12472.0,71
12473.0,72
12474.0,73
12475.0,74
12476.0,75
12477.0,194
12478.0,76
12479.0,77
12480.0,78
12481.0,271
12483.0,1887
12484.0,1606
12488.0,79
12489.0,80
12490.0,271
12491.0,81
12492.0,82
12493.0,83
12494.0,84
12497.0,573
12498.0,85
12500.0,86
12501.0,1817
12502.0,87
12504.0,88
12506.0,89
12507.0,90
12508.0,91
12509.0,92
12510.0,573
12512.0,93
12513.0,94
12514.0,376
12515.0,95
12516.0,96
12517.0,1887
12518.0,1817
12519.0,97
12520.0,1887
12521.0,98
12522.0,99
12523.0,1817
12524.0,1606
12526.0,100
12527.0,101
12528.0,1817
12530.0,1921
12531.0,102
12532.0,103
12534.0,1137
12535.0,104
12536.0,194
12538.0,105
12539.0,271
12540.0,194
12541.0,573
12544.0,106
12545.0,573
12546.0,107
12547.0,108
12548.0,109
12550.0,573
12551.0,110
12552.0,111
12553.0,112
12556.0,113
12557.0,194
12559.0,114
12560.0,1887
12561.0,115
12562.0,116
12564.0,117
12565.0,118
12566.0,119
12567.0,120
12569.0,121
12571.0,122
12572.0,1137
12573.0,123
12574.0,124
12576.0,125
12577.0,126
12578.0,127
12579.0,128
12580.0,129
12581.0,130
12582.0,131
12583.0,132
12584.0,1817
12585.0,1817
12586.0,133
12587.0,134
12588.0,135
12589.0,136
12590.0,137
12591.0,138
12592.0,139
12593.0,140
12594.0,141
12596.0,142
12597.0,143
12598.0,144
12599.0,1137
12600.0,1887
12601.0,145
12602.0,146
12603.0,147
12604.0,148
12609.0,149
12610.0,1817
12611.0,150
12612.0,151
12613.0,152
12614.0,153
12615.0,1887
12616.0,154
12617.0,155
12618.0,156
12619.0,157
12620.0,158
12621.0,194
12622.0,159
12623.0,160
12624.0,161
12625.0,1887
12626.0,162
12627.0,1606
12628.0,163
12630.0,164
12631.0,165
12633.0,1887
12635.0,1921
12637.0,271
12638.0,166
12639.0,167
12640.0,168
12641.0,169
12642.0,573
12643.0,170
12644.0,171
12645.0,1817
12646.0,172
12647.0,173
12648.0,174
12649.0,175
12650.0,176
12651.0,177
12652.0,1243
12653.0,1887
12654.0,178
12656.0,179
12657.0,180
12658.0,181
12659.0,182
12660.0,183
12662.0,184
12664.0,1606
12665.0,185
12667.0,186
12668.0,187
12669.0,188
12670.0,189
12672.0,190
12673.0,191
12674.0,1817
12676.0,192
12678.0,194
12679.0,193
12680.0,376
12681.0,194
12682.0,194
12683.0,195
12684.0,1887
12685.0,196
12686.0,197
12688.0,1606
12689.0,198
12690.0,199
12691.0,1137
12693.0,2639
12694.0,2945
12695.0,200
12697.0,573
12700.0,1606
12701.0,201
12702.0,202
12703.0,203
12704.0,1817
12705.0,204
12707.0,205
12708.0,3203
12709.0,615
12710.0,206
12712.0,207
12713.0,376
12714.0,1606
12715.0,208
12716.0,209
12717.0,573
12718.0,210
12719.0,211
12720.0,271
12721.0,3203
12722.0,376
12723.0,212
12724.0,1137
12725.0,213
12726.0,3203
12727.0,214
12728.0,2639
12729.0,215
12731.0,2022
12732.0,216
12733.0,217
12734.0,218
12735.0,219
12736.0,220
12738.0,221
12739.0,573
12740.0,222
12743.0,223
12744.0,224
12747.0,3094
12748.0,2022
12749.0,225
12750.0,226
12752.0,3094
12753.0,2022
12754.0,227
12755.0,228
12756.0,229
12757.0,3094
12758.0,3203
12759.0,230
12762.0,1817
12763.0,231
12764.0,232
12766.0,233
12769.0,718
12770.0,234
12772.0,376
12775.0,235
12778.0,236
12779.0,237
12781.0,238
12782.0,1887
12783.0,1921
12784.0,239
12785.0,240
12787.0,241
12789.0,242
12790.0,243
12791.0,244
12792.0,245
12793.0,246
12794.0,2945
12795.0,247
12797.0,248
12798.0,249
12802.0,250
12808.0,251
12809.0,252
12811.0,253
12812.0,254
12814.0,255
12815.0,573
12816.0,256
12817.0,257
12818.0,258
12820.0,573
12821.0,259
12822.0,376
12823.0,1817
12824.0,260
12826.0,261
12827.0,262
12828.0,1137
12829.0,263
12830.0,264
12831.0,265
12832.0,266
12833.0,267
12834.0,268
12836.0,3203
12837.0,269
12838.0,270
12839.0,271
12840.0,3203
12841.0,272
12842.0,273
12843.0,1921
12844.0,274
12845.0,275
12847.0,376
12849.0,1137
12851.0,276
12852.0,277
12853.0,1817
12854.0,278
12855.0,279
12856.0,1887
12857.0,1137
12863.0,280
12864.0,281
12865.0,282
12866.0,283
12867.0,284
12868.0,285
12871.0,286
12872.0,287
12873.0,288
12875.0,289
12876.0,1887
12877.0,290
12878.0,291
12879.0,292
12881.0,293
12882.0,294
12883.0,295
12884.0,296
12885.0,297
12886.0,298
12888.0,299
12890.0,300
12891.0,301
12893.0,302
12895.0,303
12897.0,304
12901.0,194
12902.0,305
12904.0,306
12906.0,307
12909.0,1887
12910.0,308
12912.0,1921
12913.0,1887
12915.0,309
12916.0,310
12917.0,311
12919.0,312
12920.0,313
12921.0,194
12922.0,314
12923.0,315
12924.0,376
12925.0,316
12928.0,1817
12929.0,317
12930.0,318
12931.0,2022
12933.0,319
12935.0,1887
12936.0,320
12937.0,321
12938.0,322
12939.0,194
12940.0,376
12942.0,323
12944.0,324
12945.0,325
12947.0,326
12948.0,1817
12949.0,327
12950.0,1817
12951.0,328
12952.0,329
12953.0,330
12955.0,1606
12956.0,331
12957.0,332
12962.0,333
12963.0,1817
12965.0,334
12966.0,335
12967.0,336
12968.0,337
12970.0,338
12971.0,615
12974.0,339
12976.0,340
12977.0,341
12980.0,342
12981.0,343
12982.0,344
12984.0,345
12985.0,346
12987.0,347
12988.0,348
12989.0,349
12990.0,350
12991.0,351
12993.0,352
12994.0,573
12995.0,353
12997.0,354
12999.0,355
13000.0,356
13001.0,615
13002.0,357
13003.0,358
13004.0,271
13005.0,359
13006.0,360
13008.0,361
13011.0,362
13012.0,363
13013.0,1606
13014.0,364
13015.0,365
13016.0,366
13017.0,367
13018.0,368
13021.0,3203
13023.0,369
13026.0,573
13027.0,370
13028.0,371
13029.0,372
13030.0,373
13032.0,573
13033.0,374
13034.0,375
13035.0,376
13037.0,2945
13038.0,376
13040.0,377
13043.0,378
13044.0,379
13045.0,380
13046.0,381
13047.0,382
13048.0,1817
13049.0,383
13050.0,271
13052.0,384
13055.0,385
13058.0,386
13059.0,387
13060.0,388
13061.0,389
13062.0,390
13064.0,391
13065.0,392
13066.0,393
13067.0,394
13068.0,395
13069.0,396
13070.0,397
13072.0,398
13075.0,376
13077.0,399
13078.0,194
13079.0,400
13080.0,401
13081.0,2022
13082.0,402
13083.0,403
13085.0,404
13089.0,2022
13090.0,405
13091.0,406
13092.0,407
13093.0,408
13094.0,409
13095.0,410
13097.0,271
13098.0,2022
13099.0,411
13101.0,412
13102.0,733
13103.0,413
13104.0,414
13106.0,415
13107.0,416
13108.0,417
13109.0,418
13110.0,419
13113.0,194
13115.0,1887
13116.0,420
13117.0,573
13118.0,421
13120.0,422
13121.0,423
13122.0,376
13124.0,424
13126.0,1817
13127.0,425
13130.0,426
13131.0,427
13132.0,428
13133.0,429
13134.0,1921
13135.0,430
13136.0,3203
13137.0,431
13138.0,573
13139.0,1606
13140.0,432
13141.0,1887
13142.0,433
13144.0,434
13145.0,435
13146.0,436
13147.0,437
13148.0,438
13149.0,1921
13151.0,439
13153.0,440
13155.0,573
13157.0,1817
13158.0,441
13159.0,442
13160.0,443
13161.0,444
13162.0,445
13165.0,573
13166.0,446
13167.0,447
13168.0,448
13169.0,449
13170.0,450
13171.0,451
13173.0,452
13174.0,453
13176.0,454
13177.0,455
13178.0,271
13182.0,456
13183.0,457
13184.0,458
13185.0,459
13186.0,460
13187.0,461
13188.0,462
13189.0,463
13192.0,376
13193.0,464
13194.0,465
13196.0,1817
13198.0,466
13199.0,615
13200.0,376
13203.0,376
13207.0,467
13208.0,468
13209.0,271
13210.0,469
13211.0,470
13212.0,471
13213.0,472
13216.0,473
13217.0,474
13218.0,475
13220.0,476
13221.0,477
13223.0,478
13224.0,1887
13225.0,479
13226.0,480
13227.0,481
13228.0,482
13229.0,483
13230.0,484
13232.0,485
13233.0,486
13235.0,573
13236.0,487
13238.0,488
13239.0,489
13240.0,490
13242.0,491
13243.0,492
13244.0,493
13245.0,494
13246.0,1817
13247.0,495
13248.0,496
13249.0,497
13253.0,573
13255.0,498
13258.0,499
13259.0,500
13260.0,501
13261.0,376
13262.0,502
13263.0,503
13265.0,1817
13266.0,504
13267.0,1606
13268.0,505
13269.0,271
13270.0,506
13271.0,507
13272.0,508
13273.0,509
13276.0,510
13277.0,511
13278.0,512
13279.0,513
13280.0,514
13282.0,515
13283.0,516
13284.0,517
13285.0,3203
13291.0,518
13292.0,519
13294.0,1243
13295.0,520
13296.0,521
13297.0,1887
13298.0,522
13299.0,523
13300.0,524
13301.0,525
13302.0,526
13304.0,527
13305.0,1817
13307.0,528
13308.0,529
13309.0,530
13310.0,531
13311.0,532
13313.0,533
13314.0,534
13316.0,271
13317.0,1887
13318.0,535
13319.0,194
13320.0,536
13321.0,537
13322.0,538
13323.0,539
13324.0,540
13325.0,541
13327.0,542
13328.0,543
13329.0,544
13330.0,545
13332.0,546
13334.0,547
13336.0,548
13338.0,549
13339.0,550
13340.0,615
13341.0,551
13343.0,552
13344.0,1887
13345.0,553
13347.0,554
13348.0,555
13349.0,556
13350.0,376
13351.0,557
13352.0,558
13354.0,559
13355.0,560
13356.0,561
13357.0,562
13358.0,563
13359.0,564
13362.0,565
13363.0,573
13365.0,1887
13366.0,566
13368.0,567
13369.0,568
13370.0,569
13372.0,570
13373.0,571
13375.0,572
13376.0,573
13379.0,574
13381.0,575
13382.0,576
13384.0,577
13385.0,578
13388.0,579
13389.0,580
13390.0,581
13391.0,582
13394.0,1887
13395.0,583
13396.0,584
13397.0,585
13398.0,586
13402.0,587
13403.0,588
13404.0,589
13405.0,590
13408.0,2022
13410.0,573
13411.0,591
13414.0,592
13416.0,593
13417.0,594
13418.0,271
13419.0,595
13420.0,596
13421.0,1817
13422.0,3203
13425.0,597
13426.0,598
13427.0,599
13428.0,600
13429.0,573
13430.0,601
13431.0,602
13434.0,603
13435.0,604
13436.0,605
13437.0,606
13439.0,607
13441.0,608
13447.0,609
13448.0,610
13449.0,611
13450.0,1817
13451.0,612
13452.0,613
13453.0,614
13455.0,1137
13456.0,1817
13458.0,615
13460.0,616
13461.0,617
13462.0,618
13464.0,619
13466.0,620
13467.0,621
13468.0,271
13470.0,622
13471.0,3203
13473.0,623
13474.0,624
13475.0,625
13476.0,1137
13477.0,626
13479.0,627
13481.0,1817
13482.0,628
13483.0,629
13484.0,630
13485.0,631
13486.0,632
13487.0,633
13488.0,634
13489.0,635
13491.0,636
13492.0,637
13493.0,638
13494.0,639
13495.0,1817
13496.0,640
13497.0,641
13499.0,642
13500.0,643
13501.0,644
13502.0,645
13503.0,646
13504.0,647
13505.0,648
13506.0,649
13507.0,1887
13508.0,650
13509.0,573
13510.0,1817
13512.0,651
13513.0,652
13514.0,653
13515.0,376
13516.0,654
13517.0,1887
13518.0,655
13519.0,656
13520.0,657
13521.0,658
13522.0,659
13523.0,660
13524.0,661
13525.0,662
13527.0,1887
13529.0,663
13531.0,664
13532.0,665
13533.0,666
13534.0,271
13536.0,667
13538.0,668
13539.0,669
13544.0,670
13546.0,671
13548.0,672
13549.0,376
13551.0,673
13552.0,674
13555.0,675
13557.0,676
13558.0,677
13560.0,678
13561.0,679
13562.0,1817
13563.0,680
13564.0,681
13565.0,682
13566.0,376
13568.0,683
13569.0,684
13570.0,685
13571.0,1887
13572.0,686
13573.0,687
13575.0,688
13576.0,689
13577.0,1921
13579.0,690
13581.0,691
13583.0,692
13584.0,693
13587.0,694
13588.0,1887
13589.0,695
13590.0,1817
13591.0,696
13592.0,697
13593.0,1817
13594.0,698
13596.0,699
13598.0,700
13599.0,271
13600.0,701
13601.0,702
13602.0,703
13603.0,704
13606.0,705
13607.0,706
13610.0,707
13611.0,708
13614.0,1921
13615.0,709
13617.0,710
13618.0,711
13621.0,712
13623.0,713
13626.0,714
13627.0,1921
13629.0,715
13630.0,1817
13631.0,716
13632.0,1887
13634.0,717
13635.0,718
13636.0,573
13637.0,719
13638.0,720
13639.0,573
13642.0,721
13643.0,722
13644.0,3203
13645.0,723
13647.0,1921
13649.0,724
13650.0,1817
13651.0,725
13652.0,726
13654.0,3203
13655.0,376
13656.0,727
13657.0,728
13658.0,1887
13659.0,729
13662.0,376
13663.0,730
13666.0,731
13667.0,732
13668.0,733
13669.0,734
13670.0,735
13672.0,736
13673.0,737
13675.0,738
13678.0,739
13680.0,1887
13681.0,2945
13682.0,740
13684.0,741
13685.0,742
13686.0,743
13689.0,376
13690.0,744
13692.0,745
13694.0,2022
13695.0,1887
13697.0,746
13699.0,747
13700.0,1887
13703.0,748
13704.0,1887
13705.0,749
13706.0,750
13707.0,751
13708.0,752
13709.0,733
13710.0,753
13711.0,754
13712.0,755
13715.0,573
13716.0,756
13717.0,757
13718.0,758
13719.0,1137
13720.0,759
13721.0,760
13722.0,1887
13723.0,761
13725.0,1817
13726.0,762
13727.0,763
13728.0,573
13730.0,764
13731.0,765
13732.0,766
13735.0,767
13736.0,768
13737.0,769
13739.0,770
13740.0,771
13741.0,772
13742.0,773
13743.0,774
13744.0,775
13745.0,776
13747.0,777
13748.0,376
13750.0,1921
13751.0,778
13752.0,779
13753.0,780
13754.0,781
13755.0,1887
13756.0,271
13758.0,782
13759.0,783
13760.0,784
13761.0,785
13763.0,1921
13764.0,786
13767.0,194
13769.0,787
13771.0,3203
13772.0,788
13774.0,789
13777.0,2022
13778.0,790
13780.0,791
13781.0,792
13782.0,376
13784.0,1887
13786.0,793
13787.0,794
13790.0,795
13791.0,796
13792.0,797
13798.0,2022
13799.0,798
13800.0,799
13801.0,800
13802.0,801
13803.0,802
13804.0,3203
13805.0,376
13806.0,803
13807.0,804
13808.0,1817
13809.0,805
13810.0,376
13811.0,806
13812.0,807
13813.0,808
13814.0,809
13815.0,810
13816.0,811
13817.0,812
13819.0,1137
13821.0,813
13822.0,814
13823.0,573
13824.0,1921
13826.0,815
13827.0,816
13828.0,817
13831.0,1887
13832.0,818
13833.0,819
13835.0,2945
13837.0,820
13838.0,821
13841.0,822
13842.0,823
13844.0,824
13845.0,825
13846.0,376
13848.0,826
13849.0,827
13850.0,828
13851.0,3203
13853.0,829
13854.0,830
13856.0,831
13858.0,832
13859.0,833
13860.0,834
13862.0,1887
13863.0,835
13865.0,836
13866.0,837
13867.0,573
13868.0,838
13869.0,839
13870.0,840
13871.0,841
13873.0,842
13874.0,843
13875.0,1817
13876.0,844
13877.0,845
13878.0,846
13880.0,847
13881.0,194
13882.0,848
13883.0,3203
13884.0,849
13885.0,850
13886.0,851
13887.0,852
13888.0,853
13889.0,854
13890.0,1817
13892.0,855
13893.0,856
13894.0,857
13895.0,3203
13897.0,858
13898.0,859
13899.0,860
13900.0,861
13901.0,862
13904.0,863
13908.0,1887
13911.0,3203
13914.0,864
13917.0,865
13918.0,866
13919.0,867
13922.0,868
13923.0,869
13924.0,1817
13925.0,870
13926.0,871
13927.0,872
13928.0,873
13929.0,874
13930.0,875
13931.0,876
13932.0,877
13933.0,878
13934.0,2945
13936.0,879
13937.0,880
13938.0,881
13939.0,882
13940.0,2945
13941.0,271
13946.0,883
13947.0,884
13948.0,885
13949.0,1887
13950.0,886
13951.0,887
13952.0,888
13953.0,889
13954.0,890
13955.0,891
13956.0,1137
13959.0,892
13960.0,893
13962.0,894
13963.0,895
13967.0,896
13969.0,897
13971.0,898
13972.0,899
13973.0,900
13974.0,901
13975.0,1887
13976.0,902
13978.0,903
13979.0,2945
13980.0,904
13982.0,1817
13983.0,3203
13984.0,905
13985.0,906
13986.0,907
13988.0,908
13989.0,909
13990.0,910
13991.0,376
13992.0,911
13993.0,912
13994.0,1887
13995.0,913
13999.0,914
14000.0,915
14001.0,1817
14002.0,916
14004.0,1606
14005.0,917
14006.0,376
14009.0,918
14012.0,919
14013.0,920
14014.0,921
14015.0,376
14016.0,922
14019.0,923
14020.0,924
14021.0,925
14022.0,926
14023.0,927
14024.0,928
14027.0,929
14029.0,930
14030.0,1887
14031.0,194
14032.0,931
14034.0,932
14035.0,933
14036.0,934
14037.0,935
14038.0,936
14039.0,937
14040.0,938
14041.0,939
14044.0,940
14045.0,1921
14046.0,941
14047.0,942
14048.0,943
14049.0,271
14050.0,944
14051.0,194
14052.0,945
14053.0,946
14054.0,947
14055.0,948
14056.0,949
14057.0,733
14059.0,950
14060.0,733
14062.0,615
14064.0,951
14066.0,952
14067.0,953
14068.0,954
14071.0,955
14073.0,956
14075.0,573
14076.0,957
14077.0,958
14078.0,573
14079.0,959
14080.0,960
14081.0,1243
14082.0,961
14083.0,1137
14085.0,1606
14087.0,962
14088.0,2022
14089.0,963
14090.0,964
14092.0,965
14093.0,966
14096.0,2022
14098.0,967
14099.0,968
14100.0,969
14101.0,271
14102.0,970
14104.0,971
14105.0,972
14107.0,3203
14108.0,973
14109.0,974
14110.0,271
14111.0,975
14112.0,976
14113.0,977
14114.0,978
14116.0,979
14117.0,980
14121.0,981
14124.0,982
14125.0,983
14126.0,984
14127.0,985
14128.0,986
14129.0,987
14130.0,988
14132.0,989
14133.0,990
14135.0,1606
14138.0,573
14139.0,991
14140.0,376
14141.0,376
14142.0,992
14143.0,993
14145.0,994
14146.0,995
14147.0,996
14148.0,997
14149.0,998
14150.0,999
14152.0,1000
14154.0,1001
14155.0,1002
14156.0,2022
14157.0,1003
14158.0,1004
14159.0,1606
14161.0,1137
14162.0,1005
14163.0,1887
14164.0,64
14165.0,1006
14167.0,1007
14171.0,1008
14173.0,1009
14174.0,1010
14175.0,1011
14176.0,1012
14177.0,1013
14178.0,1921
14179.0,1014
14180.0,1606
14184.0,1015
14185.0,1016
14188.0,1817
14189.0,1606
14191.0,1606
14193.0,2945
14194.0,194
14195.0,573
14196.0,1017
14198.0,1018
14199.0,1019
14201.0,1020
14204.0,1021
14205.0,1022
14206.0,1023
14208.0,1024
14209.0,1817
14210.0,1817
14211.0,1887
14212.0,1137
14214.0,573
14215.0,1817
14216.0,1817
14217.0,1817
14218.0,1025
14219.0,1026
14220.0,1027
14221.0,1028
14222.0,1029
14223.0,573
14224.0,573
14226.0,1887
14227.0,1030
14229.0,1031
14231.0,1032
14232.0,1817
14233.0,1033
14234.0,1034
14235.0,1035
14236.0,1036
14237.0,1037
14238.0,1038
14239.0,1887
14240.0,376
14241.0,1039
14242.0,1040
14243.0,3203
14245.0,1041
14246.0,1042
14247.0,1043
14248.0,1044
14250.0,1817
14251.0,1045
14256.0,2945
14257.0,1046
14258.0,194
14259.0,1047
14261.0,1048
14262.0,3203
14264.0,1049
14265.0,1050
14267.0,376
14270.0,1051
14271.0,1052
14272.0,1053
14273.0,1054
14276.0,1137
14277.0,1055
14280.0,1056
14282.0,1057
14284.0,1058
14285.0,1817
14286.0,1606
14287.0,1059
14288.0,1060
14289.0,376
14290.0,1887
14291.0,1061
14292.0,1606
14293.0,1062
14295.0,1063
14297.0,1064
14298.0,2022
14299.0,1065
14300.0,1066
14301.0,1067
14304.0,1068
14305.0,1817
14306.0,1817
14307.0,1069
14309.0,1887
14311.0,1070
14312.0,1921
14314.0,1071
14315.0,1887
14317.0,1072
14320.0,1073
14321.0,1074
14323.0,1075
14326.0,1076
14327.0,1077
14329.0,1606
14331.0,1078
14332.0,376
14333.0,1079
14334.0,3203
14335.0,1080
14336.0,1921
14338.0,1081
14339.0,1082
14340.0,1083
14341.0,1887
14342.0,1084
14344.0,2945
14345.0,1085
14346.0,573
14348.0,1086
14349.0,1087
14350.0,1088
14351.0,1089
14352.0,1137
14353.0,1090
14354.0,1091
14355.0,1092
14356.0,1093
14357.0,1094
14359.0,376
14360.0,1887
14362.0,1095
14364.0,1096
14367.0,1097
14368.0,1098
14371.0,1099
14373.0,1100
14375.0,1101
14377.0,1102
14379.0,1103
14381.0,1104
14382.0,1105
14383.0,1106
14385.0,1107
14386.0,1108
14387.0,1817
14388.0,1109
14389.0,1137
14390.0,1606
14393.0,1110
14395.0,1111
14396.0,1112
14397.0,3203
14400.0,1113
14401.0,1114
14403.0,1115
14404.0,1116
14406.0,1117
14407.0,1817
14408.0,3203
14409.0,1817
14410.0,573
14411.0,573
14412.0,1118
14413.0,1119
14414.0,1120
14415.0,271
14416.0,1121
14418.0,1817
14419.0,1122
14420.0,1123
14421.0,1124
14422.0,3094
14423.0,1125
14424.0,1126
14426.0,1127
14427.0,1128
14428.0,1129
14431.0,1130
14432.0,1887
14434.0,1131
14436.0,1132
14437.0,1133
14438.0,1134
14439.0,1887
14440.0,1887
14441.0,1817
14442.0,1135
14443.0,1136
14446.0,1137
14447.0,1138
14448.0,1139
14449.0,376
14450.0,1140
14451.0,1141
14452.0,1142
14453.0,1143
14456.0,1144
14457.0,1145
14459.0,1817
14460.0,1146
14461.0,1817
14462.0,1817
14463.0,1147
14465.0,573
14466.0,1887
14467.0,1148
14470.0,1149
14472.0,1817
14473.0,1150
14474.0,1151
14475.0,376
14476.0,1152
14477.0,1153
14479.0,1154
14480.0,1155
14481.0,1156
14482.0,1817
14483.0,1157
14484.0,1158
14485.0,1159
14487.0,1160
14488.0,1137
14489.0,1161
14491.0,1162
14493.0,1887
14494.0,1163
14495.0,1164
14496.0,1165
14497.0,1166
14498.0,1817
14499.0,1167
14500.0,1168
14501.0,1169
14502.0,1887
14503.0,1170
14504.0,1171
14505.0,271
14506.0,1817
14507.0,1172
14508.0,1173
14511.0,1174
14512.0,1175
14513.0,1176
14514.0,1137
14515.0,1887
14517.0,1177
14518.0,1178
14520.0,1179
14522.0,573
14523.0,1180
14524.0,1817
14525.0,3094
14527.0,1181
14528.0,1182
14529.0,1183
14530.0,1184
14532.0,376
14533.0,1817
14534.0,1185
14535.0,1186
14536.0,1187
14537.0,1188
14538.0,1189
14539.0,1190
14540.0,573
14541.0,1191
14542.0,1192
14543.0,1193
14544.0,1817
14546.0,1887
14547.0,1194
14548.0,1195
14549.0,1196
14550.0,1197
14551.0,1198
14552.0,1199
14553.0,376
14554.0,1887
14555.0,1200
14560.0,1887
14561.0,1201
14562.0,1606
14565.0,1202
14566.0,1203
14567.0,1204
14569.0,1205
14570.0,1206
14572.0,1207
14573.0,1208
14576.0,1209
14577.0,376
14578.0,1210
14581.0,1211
14582.0,1212
14583.0,1213
14584.0,376
14585.0,1214
14586.0,1215
14587.0,1921
14589.0,1216
14591.0,1217
14592.0,1218
14593.0,1219
14594.0,1220
14595.0,1817
14597.0,376
14598.0,1221
14600.0,1222
14601.0,1223
14603.0,1224
14606.0,194
14607.0,733
14608.0,1817
14609.0,1225
14616.0,1226
14618.0,1227
14619.0,1228
14620.0,1229
14621.0,1817
14622.0,1230
14623.0,376
14624.0,1231
14625.0,1232
14626.0,1233
14628.0,1234
14629.0,573
14631.0,573
14632.0,1235
14633.0,1236
14636.0,1237
14638.0,1238
14639.0,1239
14640.0,1817
14641.0,1240
14642.0,1241
14643.0,1242
14644.0,1243
14645.0,1244
14646.0,2022
14647.0,1245
14649.0,1246
14651.0,1247
14652.0,1248
14653.0,1817
14655.0,1817
14656.0,1249
14657.0,2945
14658.0,1250
14659.0,1887
14660.0,1251
14661.0,1252
14662.0,1253
14664.0,1254
14665.0,1255
14666.0,1256
14667.0,1257
14669.0,1258
14670.0,1259
14672.0,1260
14673.0,1817
14675.0,1261
14676.0,1887
14680.0,2022
14681.0,1262
14682.0,1263
14684.0,1264
14687.0,1265
14688.0,271
14689.0,1266
14690.0,1267
14691.0,1887
14692.0,1268
14693.0,1269
14696.0,1887
14697.0,1270
14698.0,1271
14699.0,1272
14700.0,1887
14701.0,3203
14702.0,1273
14703.0,1274
14704.0,1275
14705.0,1276
14708.0,1277
14709.0,1606
14710.0,1278
14711.0,1279
14712.0,376
14713.0,3203
14714.0,1280
14715.0,376
14716.0,1281
14719.0,1921
14720.0,1282
14722.0,1283
14723.0,1284
14725.0,1285
14727.0,1286
14729.0,1287
14730.0,1817
14731.0,1288
14732.0,3203
14733.0,1289
14735.0,271
14737.0,1290
14738.0,1291
14739.0,1292
14740.0,1293
14741.0,1294
14744.0,1295
14745.0,1296
14747.0,1297
14748.0,1298
14752.0,1299
14753.0,1300
14754.0,1301
14755.0,1606
14756.0,1302
14757.0,1303
14758.0,1304
14759.0,1921
14760.0,1305
14761.0,1306
14762.0,1307
14764.0,1308
14765.0,1309
14766.0,1887
14768.0,1310
14769.0,615
14770.0,1311
14772.0,1312
14775.0,573
14776.0,1313
14778.0,1314
14779.0,1315
14780.0,1316
14782.0,1317
14784.0,1318
14785.0,1319
14788.0,1320
14789.0,1321
14790.0,1322
14793.0,1323
14794.0,1324
14795.0,1325
14796.0,1326
14798.0,1327
14799.0,1328
14800.0,3094
14801.0,1329
14803.0,1330
14804.0,1331
14805.0,1332
14806.0,1333
14808.0,1887
14810.0,1817
14813.0,1334
14815.0,1335
14816.0,1336
14817.0,1137
14818.0,1337
14819.0,1338
14820.0,1339
14821.0,1340
14823.0,1341
14824.0,1342
14825.0,1887
14828.0,1817
14829.0,1343
14830.0,1344
14834.0,1817
14836.0,1345
14837.0,1921
14840.0,1346
14841.0,1347
14842.0,1887
14844.0,1348
14847.0,1349
14849.0,1350
14850.0,1351
14851.0,1352
14852.0,1353
14853.0,1354
14854.0,3203
14855.0,1355
14856.0,1356
14857.0,1357
14859.0,1358
14860.0,1359
14861.0,1360
14862.0,2945
14863.0,1361
14865.0,1362
14866.0,194
14867.0,1363
14868.0,1364
14869.0,1365
14870.0,1366
14871.0,1367
14873.0,1368
14875.0,1369
14878.0,1370
14880.0,1371
14881.0,1372
14882.0,1373
14883.0,1374
14885.0,1375
14886.0,1376
14887.0,1817
14888.0,1377
14889.0,1378
14890.0,1379
14891.0,1380
14893.0,1381
14894.0,1382
14895.0,194
14896.0,1383
14897.0,1384
14898.0,1385
14901.0,1386
14902.0,1387
14903.0,1388
14904.0,1137
14905.0,1389
14907.0,1390
14908.0,1391
14910.0,1392
14911.0,2022
14912.0,376
14913.0,1393
14915.0,1394
14916.0,1395
14918.0,1396
14920.0,376
14921.0,1397
14923.0,1398
14924.0,1399
14929.0,1400
14930.0,1887
14931.0,573
14932.0,1401
14934.0,1817
14935.0,1921
14936.0,1402
14937.0,64
14944.0,271
14946.0,1403
14947.0,1404
14948.0,1137
14950.0,1405
14951.0,1406
14952.0,1407
14953.0,1408
14954.0,1409
14957.0,1410
14958.0,1411
14959.0,1412
14960.0,1413
14961.0,1414
14962.0,1415
14963.0,1416
14964.0,1417
14965.0,1418
14966.0,1419
14967.0,1420
14968.0,1421
14970.0,1422
14971.0,1423
14972.0,1424
14973.0,1425
14974.0,1426
14975.0,1427
14976.0,1428
14978.0,1817
14981.0,1429
14984.0,1430
14985.0,1431
14987.0,1432
14988.0,1433
14995.0,1434
14997.0,1435
14998.0,1436
15000.0,1437
15002.0,1438
15004.0,1439
15005.0,733
15006.0,1440
15007.0,1441
15009.0,1442
15010.0,1443
15012.0,1444
15014.0,1445
15016.0,1446
15017.0,1447
15018.0,1448
15019.0,1449
15021.0,1817
15022.0,376
15023.0,1450
15024.0,1921
15025.0,1451
15026.0,1452
15027.0,1453
15028.0,1454
15030.0,1455
15031.0,1456
15032.0,1457
15033.0,3203
15034.0,3094
15035.0,1458
15036.0,1459
15038.0,1460
15039.0,2022
15041.0,1461
15042.0,1462
15043.0,1463
15044.0,1464
15045.0,1465
15046.0,1606
15047.0,1466
15048.0,1467
15049.0,1468
15050.0,1817
15051.0,1469
15052.0,1470
15053.0,1471
15054.0,1472
15057.0,1473
15058.0,1887
15059.0,1474
15060.0,1475
15061.0,2022
15062.0,573
15063.0,1476
15065.0,1477
15066.0,2945
15067.0,1817
15068.0,1478
15069.0,1137
15070.0,1479
15071.0,573
15073.0,1480
15074.0,1481
15075.0,1482
15076.0,2945
15078.0,1483
15079.0,2945
15081.0,1484
15083.0,1485
15087.0,1486
15088.0,1487
15089.0,1887
15090.0,1488
15091.0,1489
15092.0,1490
15093.0,3094
15095.0,1491
15096.0,1492
15097.0,1493
15098.0,1494
15099.0,1495
15100.0,1496
15101.0,1497
15103.0,1498
15104.0,573
15105.0,1887
15106.0,1499
15107.0,1500
15108.0,1501
15109.0,1502
15110.0,573
15111.0,1503
15113.0,1504
15114.0,1505
15115.0,1506
15116.0,1507
15117.0,1508
15118.0,1509
15119.0,1510
15120.0,1511
15121.0,1512
15122.0,1513
15123.0,1887
15124.0,1514
15125.0,194
15127.0,1515
15128.0,1516
15129.0,1517
15130.0,1518
15132.0,573
15133.0,573
15134.0,1519
15135.0,1520
15136.0,1521
15139.0,1522
15140.0,1887
15142.0,1523
15143.0,1524
15144.0,1525
15145.0,1526
15146.0,1527
15147.0,1528
15148.0,1529
15149.0,1530
15150.0,271
15152.0,1606
15153.0,1531
15154.0,1532
15156.0,573
15157.0,1817
15158.0,1533
15159.0,2022
15160.0,1534
15163.0,1535
15164.0,2945
15165.0,1536
15167.0,1537
15168.0,1538
15171.0,376
15172.0,1921
15174.0,1539
15175.0,1540
15178.0,1541
15179.0,1887
15180.0,1542
15181.0,1543
15182.0,1544
15184.0,1545
15185.0,1546
15186.0,1547
15187.0,1606
15189.0,194
15192.0,573
15193.0,1548
15194.0,1549
15195.0,1550
15197.0,1551
15198.0,1552
15199.0,1553
15201.0,1554
15203.0,1817
15204.0,1555
15205.0,1556
15206.0,1557
15208.0,376
15210.0,1558
15211.0,376
15212.0,1559
15213.0,1560
15214.0,1921
15215.0,1561
15216.0,1562
15218.0,271
15219.0,1563
15220.0,1817
15221.0,1564
15222.0,1565
15223.0,1566
15224.0,1567
15225.0,1568
15226.0,1569
15227.0,1570
15228.0,1571
15230.0,1572
15232.0,1573
15234.0,1574
15235.0,1817
15236.0,1575
15237.0,1576
15238.0,1577
15239.0,1578
15240.0,1921
15241.0,1817
15243.0,1579
15244.0,1580
15245.0,1887
15246.0,1581
15247.0,1582
15249.0,1583
15251.0,615
15252.0,1584
15253.0,376
15254.0,1585
15255.0,376
15256.0,1586
15257.0,1587
15258.0,1588
15260.0,1921
15261.0,1589
15262.0,1590
15263.0,1591
15264.0,1592
15265.0,1593
15266.0,1594
15267.0,1817
15269.0,1595
15270.0,1887
15271.0,1887
15272.0,1596
15274.0,1597
15275.0,1598
15276.0,1599
15277.0,1600
15279.0,1601
15280.0,1602
15281.0,1887
15286.0,1603
15287.0,1604
15288.0,1887
15289.0,573
15290.0,1605
15291.0,1606
15292.0,1607
15296.0,1608
15297.0,1609
15298.0,1610
15299.0,1611
15300.0,1612
15301.0,1606
15303.0,1613
15304.0,1614
15306.0,1615
15307.0,1616
15308.0,1617
15311.0,2022
15312.0,376
15313.0,1618
15314.0,1619
15315.0,1620
15316.0,1621
15318.0,1622
15319.0,1623
15320.0,1624
15321.0,3203
15322.0,1625
15325.0,1626
15326.0,1627
15327.0,1628
15329.0,573
15330.0,1629
15332.0,1630
15333.0,573
15334.0,1631
15335.0,1632
15339.0,1633
15341.0,1817
15342.0,1634
15343.0,1635
15344.0,1636
15345.0,1637
15346.0,1638
15347.0,1639
15348.0,1640
15349.0,1641
15350.0,1642
15351.0,1817
15353.0,1643
15355.0,1644
15356.0,1645
15358.0,1646
15360.0,1647
15361.0,1648
15363.0,1649
15364.0,376
15365.0,1650
15366.0,1651
15367.0,1817
15368.0,1652
15370.0,1887
15372.0,1817
15373.0,1817
15374.0,1653
15376.0,1654
15379.0,1655
15380.0,1921
15381.0,1656
15382.0,271
15384.0,1657
15385.0,1658
15386.0,1659
15388.0,1660
15389.0,1661
15392.0,1662
15393.0,1663
15394.0,1887
15395.0,1664
15396.0,1665
15397.0,1666
15398.0,1667
15399.0,2945
15400.0,1668
15402.0,1669
15405.0,1670
15406.0,1671
15407.0,2623
15408.0,1672
15410.0,1673
15411.0,1674
15412.0,1675
15414.0,1676
15415.0,1677
15416.0,1678
15417.0,1679
15419.0,1680
15421.0,573
15422.0,1681
15423.0,1682
15424.0,1683
15426.0,1684
15427.0,1685
15428.0,1686
15429.0,1687
15432.0,1688
15433.0,1689
15434.0,573
15435.0,1690
15436.0,1691
15437.0,1692
15438.0,1693
15440.0,1694
15442.0,1695
15443.0,1696
15444.0,1697
15445.0,1698
15447.0,1699
15448.0,1700
15449.0,573
15450.0,1701
15452.0,1702
15453.0,1703
15454.0,1704
15456.0,1705
15457.0,1706
15458.0,1707
15460.0,1708
15462.0,1709
15463.0,1710
15464.0,376
15465.0,1711
15466.0,1712
15467.0,1713
15468.0,1714
15469.0,1715
15471.0,1716
15472.0,1717
15473.0,1718
15475.0,1719
15478.0,1720
15480.0,376
15482.0,1606
15483.0,1721
15484.0,1722
15485.0,3203
15488.0,1723
15489.0,1724
15491.0,1725
15492.0,1726
15493.0,1817
15494.0,1727
15497.0,1728
15498.0,194
15500.0,1729
15502.0,1730
15503.0,1731
15504.0,1732
15505.0,1733
15506.0,573
15507.0,1734
15508.0,573
15510.0,1735
15511.0,376
15512.0,1736
15513.0,194
15514.0,1737
15516.0,1738
15517.0,1739
15518.0,1817
15520.0,1740
15521.0,1887
15522.0,1741
15523.0,1742
15524.0,1743
15525.0,1744
15526.0,1745
15527.0,1887
15528.0,1746
15529.0,1747
15530.0,1748
15531.0,1817
15532.0,1749
15533.0,1750
15535.0,1751
15537.0,1752
15539.0,1753
15540.0,1754
15541.0,1755
15543.0,1756
15544.0,1757
15545.0,1758
15547.0,1606
15549.0,1921
15550.0,1759
15551.0,1760
15552.0,1761
15553.0,1762
15554.0,1763
15555.0,1606
15556.0,1764
15557.0,1765
15561.0,1766
15562.0,1767
15563.0,1768
15565.0,1769
15567.0,1770
15568.0,1771
15569.0,1772
15570.0,1773
15571.0,1774
15572.0,3203
15573.0,1775
15574.0,1776
15576.0,573
15577.0,1777
15578.0,1778
15579.0,1779
15581.0,1780
15582.0,1781
15584.0,1782
15585.0,1783
15587.0,376
15589.0,1784
15592.0,1785
15593.0,1786
15594.0,1817
15596.0,1787
15597.0,1788
15598.0,1789
15599.0,1790
15601.0,1791
15602.0,573
15603.0,1792
15604.0,1793
15605.0,1794
15606.0,1795
15607.0,1796
15608.0,1797
15609.0,1798
15610.0,1799
15611.0,1921
15612.0,1800
15615.0,615
15618.0,1801
15619.0,1802
15620.0,1803
15621.0,1804
15622.0,1805
15623.0,1806
15624.0,1807
15625.0,1808
15626.0,1809
15628.0,1810
15630.0,1811
15632.0,1812
15634.0,1813
15636.0,1814
15637.0,1815
15639.0,1816
15640.0,194
15641.0,1817
15643.0,1818
15644.0,1819
15645.0,1820
15646.0,1821
15648.0,1822
15649.0,1823
15651.0,1824
15652.0,1825
15653.0,2945
15654.0,376
15655.0,1826
15656.0,1827
15657.0,1828
15658.0,573
15659.0,1829
15660.0,1830
15661.0,1831
15663.0,1832
15664.0,1833
15665.0,1887
15667.0,1834
15668.0,1835
15669.0,1836
15670.0,1837
15671.0,3203
15673.0,1838
15674.0,1839
15675.0,1840
15676.0,1841
15677.0,1842
15678.0,1843
15679.0,1844
15680.0,1845
15681.0,1846
15683.0,1847
15687.0,1848
15689.0,1849
15690.0,1850
15691.0,1851
15692.0,1852
15694.0,1853
15695.0,1854
15696.0,3203
15699.0,1855
15700.0,1856
15701.0,1857
15703.0,1858
15704.0,1887
15705.0,1859
15706.0,573
15707.0,573
15708.0,1860
15709.0,1861
15712.0,1862
15713.0,1863
15714.0,1864
15716.0,1865
15717.0,1866
15719.0,1606
15720.0,1867
15721.0,1868
15722.0,1887
15723.0,1869
15724.0,1870
15725.0,1871
15727.0,271
15729.0,1872
15730.0,1873
15732.0,1874
15733.0,1875
15734.0,1876
15737.0,1877
15738.0,1606
15739.0,1878
15740.0,1879
15743.0,1880
15744.0,1881
15745.0,1882
15746.0,1883
15747.0,573
15748.0,1884
15749.0,271
15750.0,1887
15752.0,3203
15753.0,1885
15754.0,1886
15755.0,1887
15756.0,1888
15757.0,1889
15758.0,1890
15759.0,1891
15762.0,1892
15763.0,1893
15764.0,1894
15766.0,1895
15768.0,1896
15769.0,2022
15773.0,1897
15774.0,1898
15775.0,1899
15776.0,1900
15777.0,573
15780.0,1901
15781.0,1902
15782.0,3203
15783.0,1903
15785.0,1887
15786.0,1606
15787.0,573
15789.0,1904
15790.0,1905
15791.0,64
15793.0,573
15795.0,1906
15796.0,1907
15797.0,1887
15799.0,376
15800.0,1908
15801.0,1909
15803.0,1910
15804.0,1911
15805.0,271
15806.0,1912
15807.0,376
15808.0,1913
15809.0,1914
15810.0,1915
15811.0,1887
15812.0,1817
15813.0,1916
15814.0,1817
15815.0,1817
15819.0,1817
15820.0,1917
15821.0,1918
15822.0,376
15823.0,1919
15825.0,1920
15826.0,1921
15827.0,1921
15829.0,1922
15830.0,1923
15831.0,1924
15832.0,1925
15834.0,1817
15835.0,573
15836.0,1926
15837.0,1927
15838.0,2022
15839.0,1137
15840.0,1928
15841.0,1929
15843.0,1930
15844.0,1931
15845.0,1932
15847.0,1933
15850.0,1934
15852.0,1935
15853.0,1936
15854.0,1937
15855.0,1938
15856.0,194
15857.0,1939
15858.0,1940
15860.0,573
15861.0,1941
15862.0,2945
15863.0,1942
15864.0,1817
15865.0,376
15866.0,1943
15867.0,1944
15869.0,1945
15870.0,1946
15872.0,1947
15874.0,3094
15877.0,1948
15880.0,1949
15881.0,1950
15882.0,1951
15883.0,1952
15885.0,1953
15886.0,1954
15888.0,1955
15889.0,1956
15891.0,1957
15894.0,1958
15895.0,1959
15897.0,1960
15898.0,1961
15899.0,1962
15900.0,1963
15901.0,1964
15903.0,271
15904.0,1965
15906.0,1966
15907.0,573
15909.0,1967
15910.0,1968
15912.0,1969
15916.0,1970
15917.0,1971
15918.0,1972
15919.0,1973
15920.0,1974
15921.0,1975
15922.0,1976
15923.0,1977
15925.0,1978
15930.0,1979
15932.0,1887
15933.0,1980
15935.0,1981
15937.0,1982
15938.0,1983
15939.0,271
15940.0,1984
15942.0,1985
15944.0,1986
15945.0,1987
15947.0,1921
15948.0,573
15949.0,1988
15950.0,1817
15951.0,1989
15952.0,1990
15953.0,1921
15955.0,3094
15957.0,1991
15958.0,1992
15963.0,1993
15965.0,2945
15967.0,1994
15969.0,1995
15970.0,1996
15971.0,1997
15973.0,1998
15974.0,1999
15975.0,2000
15976.0,2001
15977.0,2002
15978.0,2003
15980.0,1887
15981.0,2004
15983.0,2005
15984.0,2006
15985.0,573
15986.0,2007
15987.0,2008
15988.0,2009
15990.0,2010
15992.0,2011
15993.0,2012
15994.0,2013
15996.0,573
15998.0,2014
16000.0,194
16003.0,2015
16005.0,2016
16006.0,2017
16007.0,1921
16008.0,2018
16009.0,573
16010.0,2019
16011.0,2020
16012.0,2021
16013.0,2022
16014.0,2023
16015.0,2024
16016.0,2025
16017.0,2026
16018.0,2027
16019.0,2028
16020.0,2945
16022.0,2029
16023.0,2030
16024.0,2031
16025.0,2032
16026.0,2033
16027.0,376
16029.0,2022
16030.0,2034
16031.0,2035
16033.0,2036
16034.0,2037
16036.0,2038
16037.0,2039
16038.0,2040
16040.0,2041
16041.0,2042
16042.0,2043
16043.0,2044
16045.0,2045
16048.0,2046
16049.0,2047
16050.0,2048
16052.0,2049
16053.0,2050
16054.0,2051
16055.0,2052
16056.0,2053
16057.0,1887
16059.0,2054
16062.0,2055
16063.0,2056
16065.0,2057
16066.0,2058
16070.0,2945
16071.0,2059
16072.0,2060
16073.0,2061
16076.0,1887
16078.0,2062
16079.0,2063
16080.0,2064
16081.0,2065
16083.0,2066
16084.0,2067
16085.0,573
16086.0,2068
16091.0,2069
16092.0,2070
16093.0,2071
16094.0,2072
16096.0,2073
16097.0,2074
16098.0,1817
16099.0,2075
16101.0,2076
16102.0,1817
16103.0,2077
16104.0,2078
16105.0,2079
16106.0,2080
16107.0,2081
16108.0,2082
16109.0,2083
16110.0,2084
16112.0,2085
16113.0,2086
16114.0,2087
16115.0,1921
16116.0,2088
16117.0,2089
16119.0,2090
16120.0,2091
16121.0,376
16122.0,2092
16123.0,2093
16124.0,2094
16125.0,2095
16126.0,733
16127.0,2096
16128.0,1817
16131.0,2097
16133.0,194
16134.0,2098
16135.0,2099
16136.0,2100
16139.0,2101
16140.0,2102
16141.0,2103
16142.0,2104
16143.0,1887
16144.0,2105
16145.0,2106
16146.0,2107
16147.0,2108
16148.0,2109
16149.0,2110
16150.0,1817
16152.0,1921
16153.0,1817
16156.0,2111
16157.0,2112
16159.0,2113
16160.0,573
16161.0,271
16162.0,2114
16163.0,2115
16164.0,2945
16168.0,2116
16169.0,1817
16170.0,1817
16171.0,2117
16172.0,2118
16173.0,2119
16174.0,573
16175.0,573
16177.0,2120
16178.0,2121
16179.0,2122
16180.0,615
16181.0,2123
16182.0,2124
16183.0,2125
16184.0,2126
16185.0,2127
16186.0,2128
16187.0,2129
16188.0,573
16189.0,2130
16190.0,2131
16191.0,1606
16193.0,2132
16198.0,2133
16200.0,2134
16201.0,1817
16202.0,2135
16203.0,2136
16204.0,2137
16205.0,2138
16206.0,2139
16207.0,2140
16208.0,2141
16209.0,1887
16210.0,2022
16211.0,2142
16212.0,2143
16213.0,2144
16214.0,573
16215.0,2145
16216.0,2945
16217.0,2146
16218.0,2147
16221.0,376
16222.0,2148
16224.0,2149
16225.0,2150
16226.0,2151
16227.0,2152
16229.0,573
16230.0,2153
16232.0,573
16233.0,2154
16235.0,376
16236.0,2155
16239.0,2156
16240.0,2157
16241.0,3203
16242.0,2158
16243.0,2159
16244.0,2160
16245.0,2161
16247.0,2162
16248.0,2163
16249.0,1817
16250.0,2164
16253.0,2165
16255.0,3203
16256.0,2166
16257.0,2167
16258.0,271
16260.0,1137
16261.0,2168
16265.0,271
16266.0,2945
16268.0,2169
16270.0,573
16271.0,2170
16272.0,2171
16274.0,2172
16275.0,2173
16276.0,2174
16278.0,2175
16279.0,2176
16281.0,1817
16282.0,2177
16283.0,2178
16284.0,1243
16287.0,2179
16292.0,2180
16293.0,1887
16295.0,2181
16297.0,2182
16298.0,2183
16302.0,2184
16303.0,271
16305.0,2185
16306.0,2186
16308.0,3203
16309.0,2187
16311.0,2188
16313.0,2189
16315.0,2190
16316.0,2191
16317.0,2192
16318.0,2193
16319.0,2194
16320.0,573
16321.0,2195
16322.0,2196
16323.0,2197
16324.0,2198
16325.0,2199
16326.0,2200
16327.0,2201
16330.0,2202
16332.0,1921
16333.0,2022
16337.0,2203
16338.0,2204
16339.0,2205
16340.0,2206
16341.0,1817
16342.0,2207
16343.0,2208
16344.0,2209
16345.0,2210
16347.0,376
16348.0,2211
16349.0,2212
16350.0,2213
16351.0,2214
16352.0,2215
16353.0,2216
16354.0,2217
16356.0,2218
16357.0,2219
16358.0,1817
16359.0,2220
16360.0,2221
16361.0,376
16362.0,2222
16363.0,2223
16364.0,2224
16365.0,2225
16366.0,2226
16367.0,2227
16368.0,2228
16369.0,2229
16370.0,2230
16372.0,2231
16374.0,2232
16376.0,573
16377.0,2233
16378.0,2234
16379.0,1887
16380.0,1817
16383.0,2235
16384.0,2236
16385.0,2237
16386.0,2238
16387.0,2239
16389.0,2240
16392.0,2241
16393.0,2242
16394.0,2243
16395.0,2244
16398.0,2245
16399.0,2246
16400.0,2247
16401.0,2248
16402.0,2249
16403.0,2250
16404.0,2251
16405.0,2252
16406.0,2253
16407.0,1887
16409.0,1817
16411.0,2254
16412.0,2255
16413.0,2256
16414.0,2257
16415.0,2258
16416.0,1137
16418.0,2259
16419.0,573
16422.0,2022
16423.0,2260
16424.0,2261
16425.0,2262
16426.0,1817
16427.0,2263
16429.0,2264
16430.0,2265
16431.0,2266
16432.0,2267
16433.0,2268
16434.0,2269
16438.0,2270
16440.0,2271
16441.0,2272
16442.0,2273
16444.0,2274
16445.0,2275
16446.0,2276
16447.0,2277
16448.0,2278
16449.0,2279
16450.0,2280
16451.0,2281
16454.0,2282
16455.0,1817
16456.0,1887
16457.0,2283
16458.0,2284
16460.0,2285
16461.0,2286
16462.0,2287
16463.0,2288
16464.0,2289
16466.0,1921
16468.0,2290
16469.0,2291
16470.0,2292
16471.0,2293
16473.0,2294
16474.0,1817
16475.0,2295
16477.0,1887
16478.0,2296
16479.0,2297
16480.0,2298
16482.0,2299
16483.0,2300
16484.0,2301
16485.0,2302
16488.0,2303
16491.0,2304
16493.0,2305
16494.0,2306
16495.0,2307
16496.0,2308
16497.0,2309
16498.0,2310
16499.0,2311
16500.0,2312
16503.0,2313
16504.0,2314
16505.0,2315
16506.0,2316
16509.0,2317
16510.0,2318
16511.0,573
16513.0,376
16515.0,1921
16516.0,2319
16517.0,2320
16518.0,2321
16519.0,2322
16520.0,573
16523.0,2323
16525.0,2324
16526.0,2325
16527.0,2326
16528.0,2327
16529.0,2328
16531.0,2329
16532.0,2330
16533.0,2331
16535.0,2332
16536.0,2333
16539.0,2334
16542.0,2335
16545.0,2336
16546.0,2337
16549.0,2338
16550.0,1887
16551.0,376
16552.0,2339
16553.0,271
16554.0,2340
16555.0,2341
16556.0,2342
16557.0,2343
16558.0,2344
16560.0,2345
16561.0,2346
16563.0,2347
16565.0,2348
16566.0,2349
16567.0,2350
16569.0,2351
16570.0,2352
16571.0,2353
16572.0,573
16573.0,2354
16574.0,2355
16581.0,2356
16582.0,2357
16583.0,2358
16584.0,376
16586.0,2359
16587.0,2360
16589.0,2361
16591.0,2362
16592.0,2363
16593.0,2364
16594.0,2365
16595.0,2366
16596.0,2367
16597.0,2368
16598.0,2369
16600.0,2639
16601.0,2370
16602.0,2371
16603.0,2372
16607.0,2373
16609.0,271
16610.0,2374
16611.0,2375
16612.0,2376
16613.0,2377
16614.0,2378
16616.0,2379
16617.0,2380
16618.0,3203
16619.0,2381
16620.0,2382
16621.0,2383
16623.0,2384
16624.0,2385
16625.0,2386
16626.0,1606
16627.0,2387
16628.0,1887
16629.0,2388
16633.0,2389
16634.0,2390
16637.0,2391
16638.0,1921
16639.0,2392
16641.0,2393
16642.0,2394
16643.0,2395
16644.0,2396
16647.0,2397
16648.0,2398
16650.0,2399
16652.0,2400
16653.0,2401
16654.0,2402
16655.0,2403
16656.0,2404
16657.0,573
16658.0,2405
16659.0,2406
16660.0,2407
16665.0,2408
16666.0,2409
16667.0,2410
16668.0,2411
16669.0,2412
16670.0,2413
16671.0,1921
16672.0,2414
16674.0,2415
16676.0,2416
16678.0,2417
16679.0,2418
16680.0,2419
16681.0,1817
16682.0,1137
16684.0,2022
16685.0,2420
16686.0,2421
16688.0,2422
16689.0,2423
16690.0,2424
16692.0,2425
16693.0,2426
16696.0,2427
16697.0,2428
16698.0,1817
16700.0,1606
16701.0,271
16705.0,194
16706.0,2429
16708.0,2430
16709.0,2431
16710.0,1887
16711.0,1921
16712.0,2432
16713.0,2433
16714.0,2945
16715.0,2434
16716.0,1243
16717.0,2435
16718.0,2436
16719.0,1817
16720.0,2437
16721.0,2438
16722.0,1606
16723.0,2439
16725.0,2440
16726.0,2441
16727.0,2442
16728.0,1137
16729.0,2443
16730.0,2444
16732.0,2445
16734.0,2446
16735.0,1887
16737.0,2447
16738.0,2448
16739.0,2449
16742.0,2450
16743.0,1887
16744.0,2451
16745.0,2452
16746.0,2453
16747.0,2945
16748.0,2454
16750.0,2455
16751.0,1817
16752.0,2456
16753.0,2457
16754.0,1817
16755.0,2458
16756.0,2459
16757.0,2460
16758.0,2461
16759.0,2462
16761.0,2463
16762.0,2464
16763.0,2465
16764.0,2466
16765.0,2467
16766.0,1137
16767.0,271
16768.0,2468
16769.0,2469
16770.0,2470
16771.0,1887
16773.0,2471
16774.0,2472
16775.0,1817
16776.0,2473
16777.0,2474
16778.0,2475
16779.0,615
16780.0,2476
16781.0,2477
16782.0,1887
16784.0,2478
16788.0,2479
16789.0,2480
16790.0,2481
16791.0,1921
16792.0,2482
16793.0,2483
16794.0,2484
16795.0,2485
16796.0,2486
16800.0,2487
16801.0,2639
16803.0,2488
16804.0,2489
16805.0,2490
16806.0,2491
16807.0,2492
16808.0,2493
16809.0,376
16810.0,2494
16811.0,2495
16812.0,2496
16813.0,1921
16814.0,2497
16816.0,2498
16817.0,2499
16818.0,2500
16820.0,2501
16823.0,2502
16824.0,2503
16825.0,2504
16826.0,2505
16828.0,2506
16829.0,2507
16830.0,2508
16832.0,2509
16833.0,2510
16834.0,2511
16835.0,2512
16836.0,2513
16837.0,2514
16838.0,2515
16839.0,194
16841.0,1817
16842.0,2516
16843.0,615
16846.0,2517
16847.0,2518
16848.0,2519
16849.0,2520
16850.0,2521
16851.0,2522
16852.0,2523
16855.0,2524
16856.0,2525
16858.0,2526
16859.0,2527
16861.0,2528
16863.0,2529
16866.0,2530
16869.0,2945
16871.0,2531
16872.0,2532
16873.0,2533
16875.0,1817
16877.0,376
16880.0,2534
16881.0,2535
16882.0,2536
16883.0,2537
16884.0,2538
16885.0,2539
16887.0,2540
16889.0,2541
16891.0,2639
16892.0,2542
16893.0,2543
16895.0,2544
16897.0,2545
16898.0,2546
16899.0,2547
16900.0,376
16902.0,1921
16903.0,2548
16904.0,2549
16905.0,2550
16906.0,2551
16907.0,573
16909.0,2552
16910.0,2553
16912.0,3203
16913.0,2554
16914.0,2555
16915.0,2556
16916.0,2557
16917.0,2558
16918.0,1137
16919.0,1887
16921.0,2559
16923.0,2560
16924.0,2561
16926.0,2562
16927.0,2563
16928.0,2564
16929.0,2565
16930.0,2566
16931.0,1606
16932.0,2567
16933.0,2568
16934.0,573
16936.0,2569
16938.0,1817
16940.0,2570
16942.0,1817
16943.0,2571
16945.0,3094
16947.0,2572
16948.0,2573
16949.0,2574
16950.0,2575
16951.0,2576
16952.0,2577
16953.0,2578
16954.0,1887
16955.0,2579
16956.0,2580
16957.0,2581
16959.0,2582
16960.0,2583
16961.0,2584
16963.0,2585
16965.0,2586
16966.0,1887
16967.0,2587
16968.0,2588
16969.0,2589
16971.0,2590
16976.0,2591
16978.0,2592
16979.0,1817
16980.0,573
16982.0,2593
16983.0,1817
16984.0,3094
16985.0,271
16986.0,1817
16987.0,1921
16988.0,2594
16989.0,2595
16990.0,2596
16992.0,1921
16996.0,2597
16997.0,2598
16998.0,2599
16999.0,2600
17001.0,2601
17002.0,2602
17004.0,2603
17006.0,2604
17007.0,376
17010.0,2605
17011.0,2606
17014.0,2607
17015.0,1817
17017.0,2608
17018.0,376
17019.0,2609
17022.0,2610
17024.0,2611
17025.0,2612
17026.0,2613
17027.0,2945
17029.0,2614
17030.0,2615
17031.0,2616
17033.0,573
17034.0,2617
17035.0,2618
17037.0,2619
17038.0,2620
17040.0,2621
17041.0,2622
17042.0,2623
17043.0,1817
17044.0,573
17045.0,2624
17046.0,2625
17047.0,2626
17048.0,2945
17049.0,271
17050.0,2627
17051.0,2628
17052.0,2629
17053.0,2630
17054.0,2631
17058.0,2632
17059.0,2633
17060.0,2634
17061.0,1606
17062.0,2635
17063.0,2636
17064.0,2945
17068.0,1606
17069.0,3203
17070.0,2637
17071.0,1887
17073.0,2638
17075.0,2639
17076.0,2945
17078.0,2640
17079.0,2641
17080.0,2642
17081.0,2643
17082.0,1817
17083.0,2644
17084.0,2645
17085.0,2646
17086.0,1817
17088.0,1817
17090.0,1817
17091.0,2647
17092.0,1817
17094.0,2648
17095.0,2649
17096.0,1137
17097.0,573
17100.0,573
17101.0,1921
17102.0,2650
17105.0,2651
17107.0,615
17109.0,376
17110.0,2652
17111.0,2653
17114.0,2654
17115.0,2945
17117.0,2655
17118.0,2656
17119.0,2657
17120.0,2658
17122.0,2659
17123.0,2660
17124.0,2661
17125.0,2662
17126.0,573
17128.0,2663
17131.0,1887
17133.0,1606
17134.0,2664
17135.0,2665
17138.0,2666
17139.0,615
17140.0,2667
17142.0,2668
17144.0,573
17146.0,2669
17147.0,1817
17148.0,2670
17152.0,2671
17153.0,2672
17154.0,2673
17155.0,2674
17157.0,2675
17158.0,2676
17159.0,2677
17160.0,2678
17162.0,1817
17163.0,2679
17164.0,1887
17165.0,2680
17166.0,2681
17169.0,2945
17171.0,2682
17172.0,2683
17173.0,2684
17174.0,2685
17175.0,2686
17176.0,2687
17179.0,2688
17180.0,2689
17181.0,2690
17183.0,2691
17186.0,2692
17187.0,2693
17188.0,1887
17189.0,2694
17190.0,2695
17191.0,1887
17193.0,1921
17194.0,2696
17197.0,573
17198.0,2697
17201.0,2698
17203.0,2699
17204.0,2700
17205.0,2701
17206.0,2702
17211.0,1887
17212.0,2703
17213.0,2704
17214.0,573
17217.0,2705
17218.0,1817
17219.0,2706
17220.0,2707
17221.0,2708
17222.0,2709
17223.0,2710
17226.0,2711
17227.0,573
17228.0,1817
17229.0,2712
17230.0,2713
17231.0,2714
17232.0,2715
17233.0,2716
17234.0,2717
17235.0,2718
17236.0,376
17237.0,2719
17238.0,2720
17239.0,2721
17242.0,2722
17243.0,2723
17244.0,573
17245.0,2724
17247.0,2725
17248.0,2726
17250.0,2727
17251.0,2728
17252.0,2729
17253.0,2730
17254.0,2731
17255.0,2732
17256.0,2733
17259.0,2734
17262.0,2735
17263.0,2736
17265.0,2737
17266.0,2738
17267.0,2739
17268.0,2740
17272.0,1887
17274.0,2741
17277.0,573
17278.0,2742
17279.0,2743
17282.0,1921
17284.0,1921
17286.0,2744
17287.0,2745
17288.0,2746
17289.0,573
17290.0,2747
17291.0,2748
17293.0,1817
17295.0,2749
17297.0,2750
17298.0,2751
17299.0,2752
17301.0,2753
17302.0,2754
17303.0,2755
17306.0,2756
17309.0,2757
17311.0,2758
17312.0,2759
17313.0,1887
17314.0,1887
17315.0,733
17317.0,1887
17320.0,2760
17321.0,2761
17323.0,376
17324.0,573
17325.0,2762
17329.0,2763
17330.0,2764
17331.0,2765
17333.0,2766
17334.0,2767
17337.0,1817
17338.0,2768
17339.0,2769
17340.0,194
17341.0,2770
17343.0,2771
17344.0,2772
17345.0,2773
17346.0,3203
17347.0,2774
17348.0,2775
17349.0,2776
17350.0,2777
17351.0,2778
17353.0,1921
17354.0,2779
17356.0,2780
17357.0,2781
17358.0,2782
17359.0,2783
17360.0,2784
17361.0,2785
17362.0,2786
17364.0,1606
17365.0,1606
17367.0,2787
17368.0,2788
17370.0,2789
17371.0,2790
17372.0,2791
17373.0,2792
17374.0,2793
17375.0,2794
17376.0,2795
17377.0,2796
17379.0,2797
17381.0,2022
17382.0,2798
17383.0,2799
17384.0,2800
17385.0,2801
17386.0,3203
17387.0,2802
17388.0,2803
17389.0,2022
17391.0,2804
17392.0,2805
17394.0,2806
17396.0,2807
17397.0,2808
17398.0,2809
17400.0,1817
17402.0,3203
17403.0,2810
17404.0,2022
17405.0,1137
17406.0,1921
17408.0,2811
17409.0,2812
17410.0,2813
17411.0,2814
17412.0,2815
17414.0,2816
17415.0,2817
17416.0,2818
17418.0,2819
17419.0,3094
17420.0,2820
17422.0,1817
17423.0,2821
17425.0,2822
17426.0,1606
17427.0,2823
17428.0,194
17429.0,2824
17430.0,2825
17431.0,2826
17432.0,2827
17433.0,2828
17434.0,1887
17436.0,2829
17438.0,2830
17440.0,2831
17442.0,1887
17443.0,2832
17444.0,2833
17446.0,2834
17447.0,2835
17449.0,1887
17450.0,2022
17451.0,1921
17453.0,2836
17454.0,2837
17455.0,2838
17456.0,2839
17457.0,1921
17458.0,2840
17459.0,2841
17460.0,2842
17461.0,2843
17462.0,2844
17463.0,1817
17464.0,2845
17466.0,2846
17468.0,2847
17469.0,1817
17470.0,2848
17472.0,2849
17475.0,2850
17480.0,2851
17481.0,2852
17483.0,2853
17486.0,2854
17489.0,2855
17490.0,1817
17491.0,2856
17492.0,2857
17495.0,2858
17496.0,2859
17498.0,2860
17499.0,2861
17500.0,2862
17501.0,2863
17502.0,2864
17503.0,2865
17504.0,1887
17505.0,2866
17506.0,2867
17507.0,2868
17508.0,2869
17509.0,733
17510.0,2870
17511.0,2022
17512.0,2871
17513.0,2872
17514.0,2873
17515.0,2874
17516.0,2875
17517.0,2876
17519.0,1817
17520.0,2877
17521.0,2878
17522.0,2879
17523.0,2880
17524.0,2881
17525.0,2882
17526.0,376
17527.0,376
17528.0,2883
17530.0,1887
17531.0,2884
17534.0,2885
17535.0,2886
17536.0,2887
17537.0,376
17538.0,2888
17540.0,2889
17542.0,2890
17545.0,2891
17549.0,2892
17550.0,2893
17551.0,2894
17552.0,376
17553.0,2895
17554.0,1817
17555.0,2896
17556.0,2897
17557.0,2898
17560.0,2945
17561.0,2899
17562.0,2900
17564.0,2901
17566.0,376
17567.0,3094
17569.0,2902
17571.0,2903
17572.0,2904
17573.0,2905
17574.0,2906
17576.0,2907
17578.0,2908
17579.0,2909
17580.0,2910
17581.0,615
17582.0,2911
17584.0,2912
17585.0,2913
17588.0,2914
17589.0,1887
17590.0,2915
17591.0,1887
17593.0,2916
17594.0,573
17595.0,2917
17596.0,2918
17597.0,1817
17600.0,2919
17601.0,2920
17602.0,1606
17603.0,2921
17604.0,2922
17608.0,2923
17609.0,2924
17611.0,2925
17612.0,1817
17613.0,1606
17614.0,2926
17615.0,2927
17616.0,2928
17618.0,573
17619.0,2929
17620.0,2930
17621.0,2931
17623.0,2932
17624.0,2945
17625.0,1817
17628.0,2933
17629.0,1817
17630.0,2934
17631.0,2935
17633.0,2936
17634.0,1887
17636.0,2937
17637.0,2938
17639.0,2939
17640.0,2940
17642.0,2941
17643.0,2942
17644.0,2943
17646.0,376
17647.0,2944
17648.0,1817
17649.0,2945
17650.0,2946
17651.0,2947
17652.0,1606
17653.0,2948
17654.0,2949
17655.0,3203
17656.0,1921
17658.0,2950
17659.0,2951
17660.0,2952
17663.0,1817
17664.0,2953
17666.0,2954
17667.0,1817
17668.0,2955
17669.0,2956
17670.0,2957
17671.0,2958
17672.0,2959
17673.0,1921
17674.0,2960
17675.0,2022
17676.0,2961
17677.0,194
17678.0,2962
17679.0,1817
17680.0,2963
17682.0,1887
17684.0,2964
17685.0,2965
17686.0,271
17690.0,1606
17691.0,2966
17692.0,2967
17693.0,2968
17694.0,2969
17695.0,2970
17696.0,1887
17697.0,2971
17698.0,2972
17700.0,1887
17701.0,2973
17702.0,1817
17703.0,2974
17704.0,2945
17705.0,1817
17706.0,615
17707.0,2975
17708.0,2976
17709.0,2977
17711.0,2978
17712.0,2979
17714.0,2980
17715.0,2981
17716.0,271
17718.0,2982
17719.0,271
17720.0,2983
17722.0,1887
17723.0,2984
17724.0,573
17725.0,2985
17727.0,1137
17728.0,2986
17730.0,271
17731.0,2987
17732.0,2988
17733.0,2989
17734.0,2990
17735.0,194
17736.0,2991
17737.0,2992
17738.0,1817
17739.0,2993
17742.0,2994
17744.0,1887
17746.0,2995
17747.0,2996
17749.0,2997
17750.0,1817
17752.0,2998
17754.0,1817
17757.0,271
17758.0,2999
17759.0,2945
17760.0,3000
17761.0,3001
17763.0,3002
17764.0,3003
17765.0,3004
17767.0,3005
17768.0,1887
17769.0,3006
17770.0,3007
17771.0,3008
17772.0,3009
17774.0,3010
17775.0,3011
17777.0,3012
17779.0,3013
17781.0,3014
17783.0,3015
17785.0,3016
17786.0,3017
17787.0,1817
17788.0,3018
17789.0,3019
17790.0,1817
17791.0,3020
17793.0,3021
17795.0,3022
17796.0,3023
17797.0,3024
17799.0,3025
17800.0,3026
17802.0,3027
17805.0,3028
17806.0,3029
17809.0,271
17811.0,3030
17812.0,3031
17813.0,1921
17816.0,3032
17817.0,3033
17819.0,3034
17824.0,3035
17827.0,1817
17828.0,1817
17829.0,3036
17830.0,3037
17831.0,3038
17832.0,3039
17835.0,3040
17836.0,3041
17837.0,3042
17838.0,1887
17839.0,3043
17841.0,2022
17843.0,3044
17844.0,3045
17846.0,1817
17848.0,376
17849.0,3046
17850.0,3094
17852.0,3047
17854.0,3048
17855.0,3049
17856.0,3050
17857.0,2022
17858.0,271
17859.0,3051
17860.0,3052
17861.0,1887
17862.0,3053
17863.0,3054
17864.0,3055
17865.0,615
17866.0,3056
17867.0,3057
17869.0,3058
17870.0,1817
17871.0,3059
17873.0,1817
17874.0,3060
17877.0,3061
17878.0,3062
17879.0,3063
17880.0,3064
17881.0,3065
17883.0,3066
17884.0,3067
17885.0,3068
17886.0,376
17887.0,3069
17888.0,3070
17889.0,3071
17890.0,3072
17891.0,3073
17892.0,3074
17893.0,3075
17894.0,3076
17895.0,3077
17896.0,3078
17897.0,3079
17898.0,3080
17899.0,3081
17900.0,3082
17901.0,3083
17904.0,3084
17905.0,3085
17906.0,3086
17908.0,3087
17911.0,3088
17912.0,3089
17913.0,3090
17914.0,3091
17917.0,3092
17919.0,3093
17920.0,3094
17921.0,3095
17923.0,3096
17924.0,3097
17925.0,3098
17926.0,3099
17928.0,3100
17929.0,2945
17930.0,1817
17931.0,3101
17932.0,3102
17934.0,3103
17935.0,3104
17936.0,3105
17937.0,3094
17939.0,3106
17940.0,1887
17941.0,3107
17942.0,3108
17946.0,3109
17947.0,3110
17948.0,3111
17949.0,2022
17950.0,3112
17951.0,573
17954.0,1887
17955.0,3113
17956.0,3114
17957.0,3115
17958.0,3116
17960.0,3117
17961.0,3118
17962.0,3119
17964.0,3120
17965.0,3203
17966.0,3121
17967.0,3122
17968.0,3123
17969.0,3124
17970.0,3125
17972.0,3126
17973.0,3127
17974.0,3128
17975.0,3129
17976.0,3130
17977.0,3131
17978.0,3132
17979.0,3133
17980.0,3134
17984.0,3135
17985.0,3136
17986.0,3137
17987.0,3138
17988.0,3139
17990.0,3140
17991.0,3141
17994.0,3142
17995.0,3143
17997.0,1817
17999.0,3144
18001.0,3145
18004.0,3146
18005.0,3147
18006.0,3148
18008.0,1817
18009.0,3149
18010.0,3150
18011.0,3151
18013.0,3152
18014.0,3153
18015.0,3154
18016.0,3155
18017.0,3156
18018.0,3157
18019.0,3158
18022.0,3159
18024.0,3160
18027.0,3161
18030.0,3162
18032.0,3163
18033.0,3164
18034.0,3165
18035.0,3166
18036.0,3167
18037.0,3168
18040.0,3169
18041.0,3170
18042.0,3171
18043.0,3172
18044.0,1887
18045.0,3173
18048.0,3174
18050.0,3175
18053.0,3176
18055.0,3177
18056.0,3178
18058.0,3179
18059.0,3180
18061.0,1887
18062.0,3181
18064.0,3182
18065.0,1887
18066.0,3183
18067.0,3184
18068.0,3185
18069.0,1817
18071.0,3186
18072.0,3187
18073.0,3188
18074.0,3189
18075.0,3203
18077.0,3203
18078.0,3190
18079.0,3191
18080.0,3192
18081.0,3193
18082.0,3194
18084.0,3195
18085.0,3196
18086.0,3197
18087.0,3198
18088.0,3199
18092.0,3200
18093.0,1817
18094.0,3201
18095.0,3202
18096.0,376
18097.0,3203
18099.0,3204
18101.0,3205
18102.0,2022
18104.0,3206
18105.0,3207
18106.0,3208
18108.0,3209
18109.0,3210
18110.0,3211
18112.0,3212
18113.0,3213
18114.0,3214
18116.0,3215
18117.0,3216
18118.0,271
18119.0,3217
18120.0,3218
18121.0,3219
18122.0,1817
18123.0,3220
18125.0,3221
18126.0,3222
18127.0,3223
18129.0,3224
18130.0,3225
18133.0,376
18135.0,3226
18136.0,3227
18138.0,3228
18139.0,3229
18142.0,573
18143.0,573
18144.0,3230
18145.0,3231
18146.0,3232
18147.0,3233
18149.0,3234
18150.0,3235
18151.0,3236
18154.0,3237
18155.0,3238
18156.0,3239
18158.0,3240
18159.0,3241
18160.0,3242
18161.0,1921
18164.0,3243
18165.0,3244
18167.0,3245
18168.0,3246
18169.0,3247
18170.0,573
18171.0,3248
18172.0,3249
18173.0,1817
18174.0,3250
18176.0,3251
18177.0,3252
18178.0,3253
18179.0,1817
18180.0,1817
18181.0,3254
18183.0,3255
18184.0,3256
18185.0,3257
18188.0,1817
18189.0,3258
18190.0,3259
18191.0,3260
18192.0,573
18193.0,3261
18194.0,376
18196.0,3262
18198.0,271
18200.0,3263
18202.0,3264
18203.0,3265
18204.0,1817
18205.0,3266
18209.0,3267
18210.0,3203
18211.0,3268
18212.0,3269
18213.0,3270
18215.0,3271
18216.0,3272
18217.0,3273
18218.0,3274
18219.0,1817
18220.0,3275
18221.0,1137
18222.0,3276
18223.0,3277
18224.0,3278
18225.0,271
18226.0,271
18227.0,3279
18228.0,3280
18229.0,3281
18230.0,3282
18231.0,1817
18232.0,3283
18233.0,3284
18235.0,1817
18236.0,376
18237.0,573
18239.0,3285
18240.0,3286
18241.0,1817
18242.0,1887
18245.0,3203
18246.0,3287
18248.0,3288
18249.0,3289
18250.0,3290
18251.0,3291
18252.0,3292
18255.0,3293
18257.0,1887
18259.0,1887
18260.0,1887
18261.0,3294
18262.0,3295
18263.0,3296
18265.0,3297
18269.0,3298
18270.0,3299
18272.0,3300
18273.0,3301
18276.0,3302
18277.0,3303
18278.0,3304
18280.0,3305
18281.0,3306
18282.0,3307
18283.0,1887
18287.0,1817
