customer_id,cluster
12346.0,0
12347.0,-1
12348.0,-1
12349.0,-1
12350.0,1
12352.0,-1
12353.0,2
12354.0,-1
12355.0,3
12356.0,-1
12357.0,-1
12358.0,-1
12359.0,-1
12360.0,-1
12361.0,2
12363.0,15
12364.0,-1
12365.0,1
12367.0,2
12370.0,-1
12371.0,-1
12372.0,-1
12373.0,1
12374.0,-1
12375.0,-1
12377.0,-1
12378.0,-1
12379.0,-1
12380.0,-1
12381.0,-1
12383.0,-1
12384.0,17
12386.0,4
12388.0,-1
12390.0,15
12391.0,-1
12393.0,-1
12394.0,-1
12395.0,-1
12397.0,-1
12398.0,-1
12399.0,-1
12401.0,-1
12402.0,2
12403.0,5
12405.0,-1
12406.0,-1
12407.0,-1
12408.0,-1
12409.0,-1
12410.0,-1
12412.0,-1
12413.0,-1
12414.0,-1
12417.0,-1
12418.0,12
12420.0,22
12421.0,-1
12422.0,-1
12423.0,-1
12424.0,-1
12425.0,-1
12426.0,-1
12427.0,-1
12428.0,-1
12429.0,-1
12430.0,6
12432.0,-1
12433.0,-1
12434.0,-1
12435.0,-1
12436.0,-1
12438.0,-1
12441.0,2
12442.0,2
12444.0,-1
12445.0,2
12446.0,-1
12447.0,-1
12448.0,18
12449.0,-1
12450.0,2
12451.0,-1
12452.0,3
12453.0,-1
12454.0,0
12455.0,-1
12456.0,-1
12457.0,-1
12458.0,-1
12461.0,-1
12462.0,-1
12463.0,-1
12464.0,-1
12465.0,7
12468.0,-1
12472.0,-1
12473.0,-1
12475.0,-1
12477.0,-1
12478.0,-1
12479.0,8
12480.0,-1
12481.0,-1
12483.0,-1
12484.0,-1
12488.0,-1
12489.0,1
12491.0,-1
12492.0,6
12493.0,9
12494.0,-1
12497.0,-1
12498.0,5
12501.0,-1
12502.0,-1
12503.0,-1
12504.0,2
12505.0,0
12506.0,16
12507.0,-1
12508.0,-1
12509.0,2
12510.0,-1
12512.0,2
12513.0,-1
12514.0,-1
12515.0,4
12516.0,-1
12517.0,-1
12518.0,-1
12519.0,4
12520.0,-1
12521.0,-1
12522.0,2
12523.0,-1
12524.0,-1
12526.0,-1
12527.0,4
12528.0,-1
12530.0,-1
12531.0,2
12532.0,4
12534.0,-1
12535.0,-1
12536.0,-1
12538.0,10
12539.0,-1
12541.0,-1
12544.0,4
12545.0,-1
12546.0,-1
12547.0,2
12548.0,2
12550.0,-1
12551.0,2
12552.0,-1
12556.0,19
12557.0,-1
12558.0,0
12559.0,8
12560.0,-1
12561.0,2
12562.0,-1
12564.0,-1
12565.0,2
12566.0,4
12571.0,-1
12572.0,-1
12573.0,2
12574.0,2
12576.0,-1
12577.0,22
12578.0,-1
12579.0,5
12580.0,11
12581.0,2
12582.0,14
12584.0,-1
12585.0,-1
12586.0,2
12587.0,2
12588.0,2
12589.0,12
12590.0,-1
12591.0,5
12592.0,3
12593.0,5
12594.0,-1
12596.0,-1
12597.0,-1
12598.0,-1
12599.0,-1
12600.0,-1
12601.0,15
12602.0,2
12603.0,7
12604.0,6
12605.0,-1
12607.0,0
12609.0,-1
12610.0,-1
12611.0,-1
12612.0,21
12613.0,-1
12614.0,1
12615.0,-1
12616.0,12
12617.0,4
12618.0,2
12619.0,-1
12620.0,-1
12622.0,2
12623.0,1
12624.0,-1
12625.0,-1
12627.0,-1
12628.0,-1
12630.0,-1
12631.0,21
12633.0,-1
12635.0,-1
12637.0,-1
12638.0,-1
12639.0,18
12640.0,-1
12641.0,2
12642.0,-1
12643.0,-1
12644.0,-1
12645.0,-1
12646.0,-1
12648.0,1
12649.0,-1
12650.0,1
12651.0,2
12652.0,-1
12653.0,-1
12654.0,20
12656.0,-1
12657.0,-1
12658.0,-1
12659.0,2
12660.0,6
12665.0,-1
12666.0,-1
12667.0,-1
12668.0,-1
12669.0,-1
12670.0,-1
12672.0,2
12673.0,-1
12674.0,-1
12676.0,-1
12679.0,-1
12680.0,-1
12684.0,-1
12685.0,-1
12686.0,-1
12688.0,-1
12689.0,-1
12690.0,10
12691.0,-1
12693.0,-1
12694.0,-1
12695.0,-1
12697.0,-1
12700.0,-1
12701.0,-1
12702.0,2
12703.0,1
12704.0,-1
12705.0,-1
12707.0,-1
12708.0,-1
12710.0,-1
12713.0,-1
12714.0,-1
12715.0,4
12716.0,-1
12717.0,-1
12718.0,6
12719.0,-1
12721.0,-1
12722.0,-1
12723.0,-1
12724.0,-1
12725.0,13
12726.0,-1
12727.0,-1
12728.0,-1
12729.0,-1
12732.0,2
12733.0,4
12734.0,2
12735.0,-1
12736.0,2
12738.0,2
12739.0,-1
12740.0,-1
12743.0,-1
12744.0,-1
12749.0,-1
12750.0,1
12752.0,-1
12753.0,-1
12754.0,-1
12755.0,-1
12756.0,2
12758.0,-1
12759.0,-1
12762.0,-1
12763.0,14
12764.0,-1
12766.0,-1
12769.0,-1
12770.0,-1
12772.0,-1
12775.0,-1
12778.0,-1
12779.0,-1
12781.0,-1
12782.0,-1
12783.0,-1
12784.0,-1
12785.0,1
12787.0,-1
12789.0,2
12790.0,1
12791.0,2
12792.0,10
12793.0,8
12794.0,-1
12795.0,3
12797.0,2
12798.0,-1
12802.0,11
12808.0,8
12809.0,-1
12811.0,14
12812.0,2
12814.0,2
12815.0,-1
12816.0,-1
12817.0,2
12818.0,-1
12820.0,-1
12821.0,2
12822.0,-1
12823.0,-1
12824.0,9
12826.0,-1
12827.0,-1
12828.0,-1
12829.0,2
12830.0,-1
12831.0,2
12832.0,11
12833.0,-1
12834.0,1
12836.0,-1
12837.0,2
12838.0,-1
12840.0,-1
12842.0,-1
12843.0,-1
12844.0,1
12845.0,1
12847.0,-1
12849.0,-1
12851.0,2
12852.0,1
12853.0,-1
12854.0,-1
12855.0,-1
12856.0,-1
12857.0,-1
12863.0,-1
12864.0,2
12865.0,-1
12866.0,-1
12867.0,-1
12868.0,-1
12870.0,-1
12871.0,10
12872.0,15
12873.0,4
12875.0,1
12876.0,-1
12877.0,-1
12878.0,-1
12879.0,-1
12881.0,1
12882.0,-1
12883.0,-1
12884.0,1
12885.0,-1
12886.0,-1
12888.0,1
12890.0,11
12891.0,1
12893.0,2
12895.0,4
12897.0,2
12902.0,2
12904.0,-1
12906.0,-1
12908.0,6
12909.0,-1
12910.0,-1
12912.0,-1
12913.0,-1
12915.0,4
12916.0,-1
12917.0,-1
12919.0,-1
12920.0,2
12922.0,11
12923.0,2
12924.0,-1
12925.0,-1
12928.0,-1
12929.0,2
12930.0,5
12933.0,20
12935.0,-1
12936.0,-1
12937.0,-1
12938.0,2
12939.0,-1
12940.0,-1
12942.0,23
12943.0,0
12944.0,19
12945.0,-1
12947.0,-1
12948.0,-1
12949.0,-1
12950.0,-1
12951.0,-1
12952.0,-1
12953.0,1
12956.0,2
12957.0,-1
12962.0,1
12963.0,-1
12965.0,-1
12966.0,2
12967.0,-1
12968.0,2
12970.0,-1
12974.0,2
12976.0,-1
12977.0,-1
12981.0,10
12982.0,4
12984.0,2
12985.0,-1
12987.0,15
12988.0,8
12990.0,5
12991.0,-1
12993.0,-1
12994.0,-1
12995.0,2
12997.0,-1
12999.0,3
13000.0,-1
13002.0,2
13003.0,2
13005.0,18
13006.0,2
13008.0,2
13011.0,-1
13012.0,-1
13014.0,-1
13015.0,-1
13016.0,-1
13017.0,2
13021.0,-1
13023.0,-1
13026.0,-1
13027.0,-1
13028.0,-1
13029.0,-1
13030.0,-1
13032.0,-1
13033.0,2
13034.0,21
13035.0,-1
13037.0,-1
13038.0,-1
13040.0,-1
13043.0,3
13044.0,-1
13045.0,1
13046.0,-1
13047.0,-1
13048.0,-1
13049.0,12
13052.0,1
13055.0,-1
13058.0,1
13059.0,2
13060.0,1
13061.0,6
13062.0,1
13064.0,-1
13065.0,2
13066.0,3
13067.0,2
13068.0,4
13070.0,2
13072.0,2
13075.0,-1
13077.0,-1
13079.0,-1
13080.0,-1
13082.0,-1
13083.0,1
13085.0,6
13091.0,1
13092.0,-1
13093.0,-1
13094.0,-1
13095.0,16
13099.0,2
13101.0,2
13103.0,6
13104.0,-1
13106.0,-1
13107.0,-1
13108.0,1
13109.0,-1
13110.0,-1
13115.0,-1
13116.0,-1
13117.0,-1
13118.0,-1
13120.0,-1
13121.0,6
13122.0,-1
13124.0,-1
13126.0,-1
13127.0,6
13130.0,-1
13131.0,-1
13132.0,16
13133.0,2
13134.0,-1
13135.0,-1
13136.0,-1
13137.0,-1
13138.0,-1
13139.0,-1
13140.0,5
13141.0,-1
13142.0,1
13144.0,2
13145.0,-1
13146.0,6
13147.0,-1
13148.0,-1
13149.0,-1
13151.0,-1
13153.0,-1
13154.0,-1
13155.0,-1
13157.0,-1
13158.0,-1
13159.0,-1
13160.0,2
13161.0,2
13162.0,-1
13165.0,-1
13166.0,13
13167.0,-1
13168.0,-1
13169.0,-1
13170.0,2
13171.0,3
13173.0,4
13174.0,-1
13176.0,-1
13177.0,1
13182.0,2
13184.0,-1
13185.0,16
13186.0,-1
13187.0,2
13188.0,2
13189.0,6
13192.0,-1
13193.0,2
13194.0,-1
13196.0,-1
13198.0,-1
13200.0,-1
13203.0,-1
13207.0,6
13208.0,-1
13209.0,-1
13210.0,4
13211.0,-1
13212.0,-1
13213.0,-1
13216.0,1
13217.0,2
13218.0,-1
13220.0,-1
13221.0,-1
13223.0,2
13224.0,-1
13225.0,-1
13226.0,2
13227.0,6
13228.0,4
13229.0,2
13230.0,-1
13232.0,-1
13233.0,22
13235.0,2
13236.0,-1
13238.0,-1
13239.0,1
13240.0,12
13242.0,6
13243.0,-1
13244.0,2
13245.0,3
13246.0,-1
13247.0,-1
13248.0,18
13249.0,-1
13253.0,-1
13255.0,9
13256.0,0
13258.0,-1
13259.0,1
13260.0,-1
13261.0,-1
13262.0,2
13265.0,-1
13268.0,-1
13270.0,-1
13271.0,2
13272.0,1
13273.0,2
13276.0,-1
13277.0,6
13278.0,15
13279.0,2
13280.0,-1
13282.0,-1
13283.0,2
13284.0,2
13285.0,-1
13291.0,4
13292.0,-1
13294.0,-1
13295.0,2
13296.0,2
13297.0,-1
13298.0,10
13299.0,2
13300.0,4
13301.0,19
13302.0,-1
13304.0,1
13305.0,-1
13307.0,-1
13308.0,-1
13309.0,-1
13310.0,-1
13311.0,20
13313.0,-1
13314.0,-1
13316.0,-1
13317.0,-1
13318.0,12
13320.0,-1
13321.0,-1
13322.0,2
13323.0,-1
13324.0,-1
13325.0,-1
13327.0,-1
13328.0,-1
13329.0,7
13330.0,-1
13332.0,4
13334.0,-1
13336.0,-1
13338.0,5
13339.0,-1
13340.0,-1
13341.0,-1
13343.0,1
13344.0,-1
13345.0,4
13347.0,1
13348.0,6
13349.0,6
13350.0,-1
13351.0,10
13352.0,9
13354.0,-1
13355.0,-1
13356.0,-1
13357.0,-1
13358.0,-1
13359.0,3
13362.0,-1
13363.0,-1
13364.0,0
13365.0,-1
13366.0,-1
13368.0,17
13369.0,6
13370.0,21
13372.0,10
13373.0,-1
13375.0,-1
13376.0,-1
13379.0,-1
13381.0,-1
13382.0,2
13384.0,-1
13385.0,14
13388.0,20
13389.0,-1
13390.0,15
13391.0,-1
13394.0,-1
13395.0,1
13396.0,-1
13397.0,-1
13398.0,3
13402.0,19
13403.0,-1
13404.0,6
13405.0,-1
13410.0,-1
13411.0,2
13414.0,-1
13416.0,-1
13417.0,12
13419.0,2
13420.0,2
13421.0,-1
13422.0,-1
13425.0,-1
13426.0,-1
13427.0,-1
13428.0,2
13429.0,-1
13430.0,-1
13431.0,-1
13434.0,-1
13435.0,-1
13436.0,2
13437.0,-1
13439.0,6
13441.0,1
13447.0,-1
13448.0,-1
13449.0,1
13450.0,-1
13451.0,-1
13452.0,15
13453.0,4
13455.0,-1
13456.0,-1
13460.0,2
13461.0,-1
13462.0,2
13464.0,-1
13466.0,1
13467.0,-1
13470.0,2
13471.0,-1
13473.0,5
13474.0,2
13475.0,-1
13476.0,-1
13477.0,-1
13479.0,1
13481.0,-1
13482.0,2
13483.0,2
13484.0,1
13485.0,-1
13486.0,-1
13487.0,17
13489.0,-1
13491.0,-1
13492.0,-1
13493.0,-1
13494.0,1
13495.0,-1
13496.0,-1
13497.0,1
13499.0,-1
13500.0,-1
13501.0,-1
13502.0,1
13503.0,2
13504.0,1
13505.0,-1
13506.0,5
13507.0,-1
13508.0,2
13509.0,-1
13510.0,-1
13512.0,6
13513.0,2
13514.0,2
13515.0,-1
13516.0,-1
13517.0,-1
13518.0,12
13519.0,2
13520.0,-1
13521.0,-1
13522.0,2
13523.0,-1
13524.0,-1
13525.0,21
13527.0,-1
13529.0,1
13531.0,-1
13532.0,2
13533.0,6
13536.0,-1
13538.0,-1
13539.0,22
13544.0,1
13546.0,21
13548.0,-1
13549.0,-1
13551.0,2
13552.0,-1
13555.0,-1
13557.0,-1
13558.0,-1
13560.0,2
13561.0,2
13562.0,-1
13563.0,-1
13564.0,-1
13565.0,6
13566.0,-1
13568.0,2
13569.0,13
13570.0,2
13571.0,-1
13572.0,-1
13573.0,1
13575.0,-1
13577.0,-1
13579.0,-1
13581.0,2
13583.0,7
13584.0,2
13587.0,4
13588.0,-1
13589.0,11
13590.0,-1
13591.0,-1
13592.0,6
13593.0,-1
13594.0,9
13596.0,-1
13598.0,2
13600.0,2
13601.0,-1
13602.0,3
13603.0,2
13606.0,1
13607.0,-1
13610.0,-1
13611.0,-1
13614.0,-1
13615.0,4
13617.0,15
13618.0,2
13621.0,2
13623.0,-1
13626.0,6
13627.0,-1
13630.0,-1
13631.0,-1
13632.0,-1
13634.0,-1
13635.0,-1
13636.0,-1
13637.0,-1
13638.0,2
13639.0,-1
13642.0,1
13643.0,-1
13644.0,-1
13645.0,6
13647.0,-1
13649.0,1
13650.0,-1
13651.0,2
13652.0,-1
13654.0,-1
13655.0,-1
13656.0,4
13657.0,11
13658.0,-1
13659.0,-1
13662.0,-1
13663.0,2
13666.0,2
13667.0,1
13669.0,2
13670.0,4
13672.0,-1
13673.0,-1
13675.0,-1
13678.0,2
13680.0,-1
13681.0,-1
13682.0,-1
13684.0,-1
13685.0,-1
13686.0,16
13689.0,-1
13690.0,2
13692.0,-1
13693.0,-1
13695.0,-1
13697.0,2
13699.0,1
13700.0,-1
13703.0,2
13704.0,-1
13705.0,-1
13706.0,1
13707.0,-1
13708.0,1
13709.0,-1
13710.0,2
13711.0,6
13712.0,2
13715.0,-1
13716.0,2
13717.0,-1
13718.0,1
13719.0,-1
13720.0,-1
13721.0,-1
13722.0,-1
13723.0,2
13725.0,-1
13726.0,-1
13727.0,1
13728.0,-1
13730.0,-1
13731.0,17
13732.0,-1
13735.0,-1
13736.0,-1
13737.0,1
13739.0,2
13740.0,1
13741.0,23
13742.0,-1
13743.0,-1
13744.0,-1
13745.0,1
13747.0,16
13748.0,-1
13750.0,-1
13751.0,1
13752.0,-1
13753.0,-1
13754.0,1
13755.0,-1
13758.0,-1
13759.0,23
13760.0,1
13761.0,-1
13762.0,0
13763.0,-1
13764.0,-1
13769.0,-1
13771.0,-1
13772.0,-1
13774.0,4
13778.0,2
13780.0,10
13781.0,2
13782.0,-1
13784.0,-1
13786.0,2
13787.0,1
13790.0,4
13791.0,-1
13792.0,2
13799.0,-1
13800.0,-1
13801.0,1
13802.0,-1
13803.0,6
13804.0,-1
13805.0,-1
13806.0,6
13807.0,2
13808.0,-1
13809.0,2
13810.0,-1
13811.0,-1
13812.0,15
13813.0,-1
13814.0,-1
13815.0,-1
13816.0,-1
13817.0,11
13819.0,-1
13821.0,10
13822.0,-1
13823.0,-1
13824.0,-1
13826.0,2
13827.0,5
13828.0,2
13829.0,-1
13831.0,-1
13832.0,-1
13833.0,10
13835.0,-1
13837.0,6
13838.0,-1
13841.0,-1
13842.0,-1
13844.0,10
13845.0,1
13846.0,-1
13848.0,-1
13849.0,-1
13850.0,-1
13851.0,-1
13853.0,-1
13856.0,4
13858.0,2
13859.0,2
13860.0,-1
13862.0,-1
13863.0,1
13865.0,-1
13866.0,2
13867.0,-1
13868.0,-1
13869.0,-1
13870.0,-1
13873.0,10
13874.0,14
13875.0,-1
13876.0,2
13877.0,2
13878.0,-1
13880.0,-1
13882.0,-1
13883.0,-1
13884.0,-1
13885.0,14
13886.0,6
13887.0,1
13888.0,-1
13889.0,5
13890.0,-1
13892.0,21
13893.0,7
13894.0,15
13895.0,-1
13897.0,1
13898.0,2
13899.0,9
13900.0,-1
13901.0,-1
13904.0,1
13908.0,-1
13911.0,-1
13914.0,-1
13917.0,1
13918.0,-1
13919.0,4
13922.0,2
13923.0,4
13924.0,-1
13925.0,-1
13926.0,2
13927.0,4
13928.0,-1
13929.0,-1
13930.0,1
13931.0,-1
13932.0,1
13933.0,22
13934.0,-1
13936.0,4
13937.0,2
13938.0,16
13939.0,-1
13940.0,-1
13941.0,-1
13946.0,-1
13947.0,2
13948.0,2
13949.0,-1
13950.0,-1
13951.0,21
13952.0,-1
13953.0,-1
13954.0,11
13955.0,1
13956.0,-1
13958.0,-1
13959.0,-1
13960.0,6
13962.0,2
13963.0,-1
13967.0,-1
13971.0,-1
13972.0,2
13973.0,6
13974.0,5
13975.0,-1
13976.0,1
13978.0,2
13979.0,-1
13980.0,2
13982.0,-1
13983.0,-1
13984.0,-1
13986.0,1
13988.0,-1
13989.0,-1
13990.0,1
13991.0,-1
13992.0,-1
13993.0,-1
13994.0,-1
13995.0,-1
14000.0,22
14001.0,-1
14002.0,-1
14004.0,-1
14005.0,-1
14006.0,-1
14009.0,12
14012.0,1
14013.0,-1
14014.0,-1
14015.0,-1
14016.0,-1
14019.0,-1
14020.0,12
14021.0,19
14022.0,5
14023.0,22
14024.0,1
14027.0,2
14029.0,-1
14030.0,-1
14032.0,-1
14034.0,-1
14035.0,-1
14036.0,17
14037.0,2
14038.0,-1
14039.0,2
14040.0,-1
14041.0,2
14044.0,-1
14045.0,-1
14046.0,2
14047.0,-1
14048.0,4
14049.0,-1
14050.0,-1
14052.0,2
14053.0,6
14054.0,2
14055.0,-1
14059.0,2
14064.0,-1
14066.0,2
14067.0,10
14068.0,6
14071.0,-1
14073.0,2
14075.0,-1
14076.0,2
14077.0,-1
14078.0,-1
14079.0,4
14080.0,-1
14081.0,-1
14082.0,2
14083.0,-1
14087.0,2
14089.0,2
14090.0,16
14093.0,18
14098.0,2
14099.0,-1
14100.0,2
14101.0,-1
14102.0,-1
14104.0,2
14105.0,-1
14107.0,-1
14108.0,22
14109.0,2
14111.0,-1
14112.0,-1
14113.0,-1
14114.0,4
14116.0,-1
14117.0,2
14119.0,-1
14121.0,-1
14124.0,5
14125.0,-1
14126.0,12
14127.0,-1
14128.0,-1
14129.0,-1
14130.0,3
14132.0,-1
14133.0,17
14138.0,-1
14139.0,5
14140.0,-1
14141.0,-1
14142.0,1
14143.0,2
14145.0,-1
14146.0,-1
14147.0,-1
14148.0,2
14149.0,6
14150.0,23
14152.0,19
14154.0,-1
14155.0,2
14157.0,5
14158.0,-1
14161.0,-1
14162.0,1
14163.0,-1
14164.0,-1
14165.0,2
14167.0,-1
14171.0,4
14173.0,-1
14174.0,2
14175.0,-1
14176.0,-1
14177.0,15
14178.0,-1
14179.0,-1
14184.0,18
14185.0,2
14188.0,-1
14193.0,-1
14195.0,-1
14196.0,1
14198.0,-1
14199.0,2
14201.0,-1
14204.0,2
14205.0,2
14206.0,1
14208.0,2
14209.0,-1
14210.0,-1
14211.0,-1
14212.0,-1
14213.0,-1
14214.0,-1
14215.0,-1
14216.0,-1
14217.0,-1
14218.0,2
14219.0,2
14220.0,-1
14221.0,-1
14222.0,12
14223.0,-1
14224.0,-1
14226.0,-1
14227.0,-1
14229.0,-1
14231.0,-1
14232.0,-1
14233.0,-1
14234.0,-1
14235.0,-1
14236.0,8
14237.0,2
14238.0,2
14239.0,-1
14240.0,-1
14241.0,2
14242.0,6
14243.0,-1
14245.0,-1
14246.0,-1
14247.0,2
14248.0,1
14250.0,-1
14251.0,-1
14256.0,-1
14257.0,-1
14258.0,-1
14259.0,2
14261.0,-1
14262.0,-1
14264.0,1
14265.0,-1
14267.0,-1
14270.0,-1
14271.0,2
14272.0,3
14273.0,-1
14276.0,-1
14277.0,-1
14280.0,2
14284.0,-1
14285.0,-1
14286.0,-1
14287.0,2
14288.0,11
14289.0,-1
14290.0,-1
14291.0,-1
14292.0,-1
14293.0,-1
14295.0,2
14297.0,-1
14299.0,-1
14300.0,-1
14301.0,-1
14304.0,2
14305.0,-1
14306.0,-1
14307.0,-1
14309.0,-1
14311.0,2
14312.0,-1
14314.0,2
14315.0,-1
14317.0,-1
14320.0,1
14321.0,-1
14323.0,-1
14326.0,2
14327.0,1
14329.0,-1
14331.0,18
14332.0,-1
14333.0,4
14334.0,-1
14335.0,14
14336.0,-1
14338.0,-1
14339.0,1
14340.0,2
14341.0,-1
14342.0,-1
14344.0,-1
14345.0,2
14346.0,-1
14348.0,13
14349.0,2
14350.0,6
14351.0,-1
14352.0,-1
14353.0,2
14354.0,2
14355.0,2
14356.0,23
14357.0,2
14359.0,-1
14360.0,-1
14362.0,2
14364.0,-1
14368.0,2
14371.0,2
14373.0,16
14375.0,6
14377.0,-1
14379.0,4
14381.0,2
14382.0,-1
14383.0,-1
14385.0,2
14386.0,2
14387.0,-1
14388.0,-1
14389.0,-1
14390.0,-1
14393.0,-1
14395.0,-1
14396.0,8
14397.0,-1
14400.0,15
14403.0,-1
14404.0,-1
14406.0,2
14407.0,-1
14408.0,-1
14409.0,-1
14410.0,-1
14411.0,-1
14412.0,-1
14413.0,2
14414.0,-1
14416.0,-1
14418.0,-1
14419.0,-1
14420.0,13
14421.0,-1
14422.0,-1
14423.0,6
14424.0,1
14426.0,-1
14427.0,4
14428.0,-1
14431.0,4
14432.0,-1
14434.0,-1
14436.0,2
14437.0,-1
14438.0,2
14439.0,-1
14440.0,-1
14441.0,-1
14442.0,-1
14443.0,-1
14446.0,-1
14447.0,-1
14448.0,11
14449.0,-1
14450.0,-1
14451.0,-1
14452.0,1
14453.0,2
14456.0,-1
14457.0,2
14459.0,-1
14460.0,10
14461.0,-1
14462.0,-1
14463.0,-1
14465.0,-1
14466.0,-1
14467.0,19
14470.0,-1
14472.0,-1
14473.0,6
14474.0,15
14475.0,-1
14476.0,2
14477.0,-1
14479.0,1
14480.0,1
14481.0,19
14482.0,-1
14483.0,2
14484.0,1
14485.0,2
14487.0,-1
14488.0,-1
14489.0,3
14491.0,1
14493.0,-1
14494.0,2
14495.0,2
14496.0,8
14497.0,5
14498.0,-1
14499.0,-1
14500.0,4
14501.0,2
14502.0,-1
14503.0,-1
14504.0,-1
14505.0,-1
14506.0,-1
14507.0,-1
14508.0,1
14511.0,-1
14512.0,6
14513.0,3
14514.0,-1
14515.0,-1
14517.0,1
14518.0,2
14520.0,1
14522.0,-1
14523.0,6
14524.0,-1
14528.0,10
14529.0,-1
14530.0,-1
14532.0,-1
14533.0,-1
14535.0,-1
14536.0,2
14537.0,4
14538.0,11
14539.0,15
14540.0,-1
14541.0,-1
14542.0,2
14543.0,-1
14544.0,-1
14546.0,-1
14547.0,-1
14548.0,-1
14549.0,6
14550.0,-1
14551.0,2
14552.0,2
14553.0,-1
14554.0,-1
14555.0,1
14557.0,0
14560.0,-1
14561.0,-1
14565.0,-1
14566.0,-1
14567.0,-1
14569.0,6
14570.0,2
14572.0,-1
14573.0,-1
14576.0,-1
14577.0,-1
14578.0,2
14581.0,2
14582.0,2
14583.0,-1
14584.0,-1
14585.0,2
14586.0,2
14587.0,-1
14589.0,-1
14591.0,-1
14592.0,17
14593.0,-1
14594.0,11
14595.0,-1
14597.0,-1
14598.0,2
14600.0,4
14601.0,2
14603.0,19
14607.0,-1
14608.0,-1
14609.0,22
14616.0,13
14618.0,15
14619.0,4
14620.0,10
14621.0,-1
14622.0,1
14623.0,-1
14624.0,2
14625.0,-1
14626.0,-1
14627.0,-1
14628.0,23
14629.0,-1
14631.0,-1
14632.0,2
14633.0,1
14636.0,20
14638.0,-1
14639.0,-1
14640.0,-1
14641.0,2
14642.0,2
14643.0,21
14644.0,-1
14645.0,17
14647.0,2
14649.0,-1
14651.0,12
14652.0,2
14653.0,-1
14655.0,-1
14656.0,1
14657.0,-1
14658.0,6
14659.0,-1
14660.0,1
14661.0,2
14662.0,-1
14664.0,12
14665.0,-1
14666.0,2
14669.0,-1
14670.0,13
14672.0,-1
14673.0,-1
14675.0,20
14676.0,-1
14679.0,0
14681.0,-1
14682.0,-1
14684.0,-1
14687.0,20
14689.0,2
14690.0,4
14691.0,-1
14692.0,-1
14693.0,2
14696.0,-1
14697.0,2
14698.0,-1
14699.0,2
14700.0,-1
14701.0,-1
14702.0,-1
14703.0,1
14704.0,-1
14705.0,2
14708.0,-1
14710.0,-1
14711.0,-1
14712.0,-1
14713.0,-1
14714.0,2
14715.0,-1
14716.0,1
14719.0,-1
14720.0,-1
14722.0,2
14723.0,-1
14725.0,-1
14727.0,6
14729.0,1
14730.0,-1
14731.0,13
14732.0,-1
14737.0,-1
14738.0,-1
14739.0,-1
14740.0,-1
14741.0,-1
14744.0,-1
14745.0,-1
14747.0,1
14748.0,-1
14752.0,11
14753.0,-1
14754.0,21
14756.0,-1
14757.0,5
14758.0,-1
14759.0,-1
14760.0,-1
14761.0,6
14762.0,1
14764.0,6
14765.0,6
14766.0,-1
14768.0,2
14769.0,-1
14770.0,-1
14772.0,2
14775.0,-1
14776.0,-1
14777.0,-1
14778.0,-1
14779.0,4
14780.0,18
14782.0,2
14784.0,1
14785.0,-1
14788.0,-1
14789.0,2
14790.0,-1
14792.0,0
14793.0,2
14794.0,-1
14795.0,2
14798.0,2
14799.0,2
14801.0,2
14803.0,-1
14804.0,4
14805.0,-1
14806.0,2
14808.0,-1
14810.0,-1
14813.0,2
14815.0,-1
14816.0,6
14817.0,-1
14818.0,12
14819.0,1
14820.0,-1
14821.0,-1
14823.0,1
14824.0,-1
14825.0,-1
14828.0,-1
14829.0,12
14830.0,2
14834.0,-1
14836.0,2
14837.0,-1
14840.0,-1
14841.0,-1
14842.0,-1
14844.0,-1
14847.0,1
14850.0,6
14851.0,-1
14852.0,-1
14853.0,-1
14854.0,-1
14855.0,-1
14856.0,-1
14857.0,-1
14859.0,-1
14860.0,2
14861.0,2
14862.0,-1
14863.0,1
14865.0,-1
14867.0,23
14868.0,-1
14869.0,-1
14870.0,1
14871.0,-1
14873.0,8
14875.0,-1
14878.0,-1
14880.0,-1
14881.0,6
14882.0,22
14883.0,-1
14885.0,-1
14886.0,1
14887.0,-1
14888.0,4
14889.0,2
14890.0,2
14891.0,-1
14893.0,-1
14894.0,12
14896.0,-1
14897.0,-1
14898.0,-1
14901.0,-1
14902.0,1
14903.0,-1
14904.0,-1
14905.0,17
14907.0,-1
14908.0,1
14910.0,9
14912.0,-1
14913.0,-1
14915.0,6
14916.0,-1
14918.0,-1
14920.0,-1
14921.0,-1
14923.0,7
14924.0,1
14929.0,2
14930.0,-1
14931.0,-1
14932.0,1
14934.0,-1
14935.0,-1
14936.0,-1
14937.0,-1
14944.0,-1
14946.0,2
14947.0,1
14948.0,-1
14950.0,10
14951.0,1
14952.0,-1
14953.0,1
14954.0,4
14957.0,-1
14958.0,14
14959.0,-1
14960.0,2
14961.0,-1
14962.0,2
14963.0,-1
14964.0,2
14965.0,-1
14966.0,2
14967.0,-1
14968.0,2
14970.0,-1
14971.0,-1
14972.0,2
14973.0,-1
14974.0,2
14975.0,1
14976.0,-1
14978.0,-1
14981.0,2
14984.0,2
14985.0,1
14987.0,1
14988.0,1
14995.0,6
14997.0,15
14998.0,5
15000.0,8
15002.0,-1
15004.0,-1
15006.0,-1
15007.0,2
15009.0,-1
15010.0,1
15012.0,-1
15014.0,6
15016.0,2
15017.0,2
15018.0,-1
15019.0,6
15021.0,-1
15022.0,-1
15024.0,-1
15025.0,13
15026.0,-1
15027.0,-1
15028.0,21
15030.0,-1
15031.0,-1
15032.0,-1
15033.0,-1
15034.0,-1
15035.0,6
15036.0,-1
15038.0,-1
15041.0,2
15042.0,2
15043.0,15
15045.0,19
15047.0,1
15048.0,13
15049.0,2
15050.0,-1
15051.0,-1
15052.0,2
15053.0,-1
15054.0,1
15057.0,-1
15058.0,-1
15059.0,-1
15060.0,1
15062.0,-1
15063.0,4
15065.0,-1
15066.0,-1
15067.0,-1
15068.0,-1
15069.0,-1
15070.0,2
15071.0,-1
15073.0,-1
15074.0,-1
15075.0,-1
15076.0,-1
15079.0,-1
15081.0,-1
15083.0,2
15087.0,1
15088.0,-1
15089.0,-1
15090.0,4
15091.0,14
15092.0,3
15093.0,-1
15095.0,-1
15096.0,2
15097.0,6
15098.0,-1
15099.0,5
15100.0,17
15101.0,1
15103.0,-1
15104.0,-1
15105.0,-1
15106.0,-1
15107.0,-1
15108.0,-1
15109.0,3
15110.0,-1
15111.0,-1
15113.0,-1
15114.0,-1
15115.0,4
15116.0,-1
15117.0,-1
15118.0,6
15119.0,6
15120.0,1
15121.0,-1
15122.0,-1
15123.0,-1
15124.0,2
15127.0,-1
15128.0,-1
15129.0,-1
15130.0,1
15132.0,-1
15133.0,-1
15134.0,-1
15135.0,2
15136.0,-1
15139.0,2
15140.0,-1
15142.0,-1
15143.0,6
15145.0,-1
15146.0,-1
15147.0,17
15148.0,1
15149.0,-1
15153.0,1
15154.0,6
15156.0,-1
15157.0,-1
15158.0,-1
15160.0,2
15163.0,1
15164.0,-1
15165.0,3
15167.0,2
15168.0,2
15171.0,-1
15172.0,-1
15174.0,2
15175.0,2
15178.0,-1
15179.0,-1
15180.0,-1
15181.0,-1
15182.0,22
15184.0,5
15185.0,1
15186.0,5
15192.0,-1
15193.0,-1
15195.0,-1
15197.0,-1
15198.0,2
15199.0,-1
15201.0,-1
15203.0,-1
15204.0,1
15205.0,21
15206.0,3
15208.0,-1
15210.0,1
15211.0,-1
15212.0,2
15213.0,1
15214.0,-1
15215.0,-1
15216.0,2
15219.0,1
15220.0,-1
15221.0,2
15222.0,-1
15223.0,-1
15224.0,1
15225.0,13
15226.0,2
15227.0,-1
15228.0,-1
15230.0,9
15232.0,22
15234.0,2
15235.0,-1
15236.0,1
15237.0,-1
15238.0,-1
15239.0,-1
15240.0,-1
15241.0,-1
15243.0,1
15244.0,-1
15245.0,-1
15246.0,14
15247.0,4
15252.0,7
15253.0,-1
15254.0,1
15255.0,-1
15256.0,2
15257.0,2
15258.0,22
15260.0,-1
15261.0,6
15262.0,2
15263.0,2
15264.0,11
15265.0,-1
15266.0,2
15267.0,-1
15269.0,5
15270.0,-1
15271.0,-1
15272.0,-1
15274.0,-1
15275.0,20
15276.0,2
15277.0,6
15279.0,6
15280.0,2
15281.0,-1
15286.0,6
15287.0,8
15288.0,-1
15289.0,-1
15292.0,2
15296.0,-1
15297.0,-1
15299.0,-1
15300.0,-1
15303.0,-1
15304.0,-1
15306.0,-1
15307.0,2
15308.0,1
15312.0,-1
15313.0,-1
15314.0,1
15315.0,-1
15316.0,2
15318.0,1
15319.0,2
15320.0,1
15321.0,-1
15322.0,-1
15325.0,2
15326.0,1
15327.0,2
15329.0,-1
15330.0,-1
15332.0,-1
15333.0,-1
15334.0,1
15335.0,2
15339.0,-1
15341.0,-1
15342.0,13
15343.0,4
15344.0,8
15345.0,10
15346.0,2
15347.0,2
15348.0,2
15349.0,-1
15350.0,2
15351.0,-1
15353.0,-1
15355.0,1
15356.0,-1
15360.0,3
15361.0,10
15363.0,1
15364.0,-1
15365.0,-1
15366.0,22
15367.0,-1
15368.0,18
15369.0,-1
15370.0,-1
15372.0,-1
15373.0,-1
15374.0,2
15376.0,-1
15379.0,-1
15380.0,-1
15381.0,-1
15382.0,-1
15384.0,19
15385.0,1
15386.0,10
15388.0,2
15389.0,14
15392.0,-1
15393.0,6
15394.0,-1
15395.0,2
15396.0,1
15397.0,2
15398.0,-1
15399.0,-1
15400.0,-1
15402.0,19
15405.0,1
15406.0,3
15407.0,-1
15408.0,6
15410.0,-1
15411.0,-1
15412.0,2
15414.0,-1
15415.0,-1
15416.0,-1
15417.0,-1
15419.0,2
15421.0,-1
15422.0,2
15423.0,-1
15424.0,4
15426.0,-1
15427.0,-1
15428.0,2
15429.0,10
15432.0,2
15433.0,5
15434.0,-1
15435.0,2
15436.0,-1
15437.0,2
15438.0,2
15440.0,11
15442.0,-1
15443.0,-1
15444.0,-1
15445.0,2
15447.0,2
15448.0,18
15449.0,-1
15450.0,3
15452.0,15
15453.0,-1
15454.0,2
15456.0,5
15457.0,2
15458.0,2
15460.0,2
15462.0,-1
15463.0,2
15464.0,-1
15466.0,1
15467.0,-1
15468.0,-1
15469.0,-1
15471.0,14
15472.0,4
15473.0,-1
15475.0,18
15478.0,-1
15480.0,-1
15483.0,2
15484.0,-1
15485.0,-1
15488.0,2
15489.0,-1
15491.0,-1
15492.0,23
15493.0,-1
15494.0,-1
15497.0,-1
15500.0,-1
15502.0,-1
15503.0,2
15504.0,-1
15505.0,-1
15506.0,-1
15507.0,-1
15508.0,-1
15510.0,2
15511.0,-1
15512.0,2
15514.0,-1
15516.0,-1
15517.0,6
15518.0,-1
15520.0,4
15521.0,-1
15522.0,-1
15523.0,5
15524.0,-1
15525.0,-1
15526.0,2
15527.0,-1
15528.0,2
15530.0,-1
15531.0,-1
15532.0,-1
15533.0,-1
15535.0,-1
15537.0,2
15539.0,15
15540.0,2
15541.0,2
15543.0,2
15544.0,-1
15545.0,1
15549.0,-1
15550.0,-1
15551.0,-1
15552.0,2
15553.0,3
15554.0,2
15556.0,1
15557.0,14
15561.0,-1
15562.0,2
15563.0,-1
15565.0,2
15567.0,2
15568.0,-1
15569.0,-1
15571.0,23
15572.0,-1
15573.0,20
15574.0,-1
15576.0,-1
15577.0,6
15578.0,2
15579.0,4
15581.0,-1
15582.0,-1
15584.0,-1
15585.0,3
15587.0,-1
15589.0,-1
15590.0,-1
15592.0,11
15593.0,2
15594.0,-1
15596.0,-1
15597.0,1
15598.0,6
15599.0,-1
15602.0,-1
15603.0,-1
15604.0,2
15605.0,-1
15606.0,-1
15607.0,2
15608.0,-1
15609.0,6
15610.0,2
15611.0,-1
15612.0,2
15618.0,-1
15619.0,4
15620.0,-1
15621.0,-1
15622.0,-1
15623.0,1
15624.0,17
15625.0,-1
15626.0,-1
15628.0,-1
15630.0,-1
15632.0,-1
15634.0,6
15636.0,-1
15637.0,2
15638.0,-1
15639.0,5
15641.0,-1
15643.0,20
15644.0,-1
15645.0,-1
15646.0,5
15648.0,-1
15649.0,-1
15651.0,12
15652.0,1
15653.0,-1
15654.0,-1
15655.0,14
15656.0,-1
15657.0,-1
15658.0,-1
15659.0,1
15660.0,-1
15661.0,1
15663.0,2
15664.0,4
15665.0,-1
15667.0,1
15668.0,16
15669.0,-1
15670.0,2
15671.0,-1
15673.0,-1
15674.0,-1
15675.0,1
15676.0,-1
15677.0,-1
15678.0,4
15679.0,-1
15680.0,-1
15681.0,-1
15683.0,2
15687.0,-1
15689.0,6
15690.0,6
15691.0,2
15692.0,2
15695.0,13
15696.0,-1
15699.0,1
15700.0,-1
15701.0,-1
15703.0,2
15704.0,-1
15705.0,2
15706.0,-1
15707.0,-1
15708.0,-1
15709.0,2
15712.0,-1
15713.0,1
15714.0,1
15716.0,-1
15717.0,2
15720.0,19
15721.0,-1
15722.0,-1
15723.0,2
15724.0,2
15725.0,-1
15727.0,-1
15728.0,-1
15729.0,-1
15730.0,-1
15732.0,1
15733.0,2
15734.0,-1
15737.0,-1
15739.0,-1
15740.0,2
15743.0,-1
15744.0,-1
15745.0,-1
15746.0,2
15747.0,-1
15748.0,2
15749.0,-1
15750.0,-1
15752.0,-1
15753.0,16
15754.0,-1
15755.0,-1
15756.0,-1
15757.0,-1
15758.0,2
15759.0,6
15762.0,-1
15763.0,-1
15764.0,-1
15766.0,1
15768.0,-1
15773.0,12
15774.0,1
15775.0,2
15776.0,6
15777.0,-1
15780.0,18
15781.0,1
15782.0,-1
15783.0,6
15785.0,-1
15786.0,-1
15787.0,-1
15789.0,1
15790.0,2
15791.0,-1
15793.0,-1
15795.0,-1
15796.0,-1
15797.0,-1
15799.0,-1
15800.0,-1
15801.0,-1
15802.0,-1
15803.0,5
15806.0,-1
15807.0,-1
15808.0,-1
15809.0,-1
15810.0,-1
15811.0,-1
15812.0,-1
15813.0,-1
15814.0,-1
15815.0,-1
15819.0,-1
15820.0,2
15821.0,17
15822.0,-1
15823.0,-1
15825.0,-1
15826.0,-1
15827.0,-1
15829.0,-1
15830.0,-1
15831.0,7
15832.0,-1
15834.0,-1
15835.0,-1
15836.0,2
15837.0,11
15839.0,-1
15840.0,4
15841.0,-1
15843.0,2
15844.0,2
15845.0,-1
15847.0,11
15850.0,6
15852.0,2
15853.0,2
15854.0,-1
15855.0,-1
15857.0,1
15858.0,-1
15860.0,-1
15861.0,-1
15862.0,-1
15863.0,16
15864.0,-1
15865.0,-1
15866.0,2
15869.0,2
15870.0,4
15872.0,10
15874.0,-1
15877.0,18
15880.0,1
15881.0,9
15882.0,-1
15883.0,-1
15885.0,10
15886.0,2
15888.0,2
15889.0,3
15891.0,8
15894.0,6
15895.0,2
15897.0,2
15898.0,-1
15899.0,-1
15900.0,4
15901.0,10
15903.0,-1
15904.0,2
15906.0,-1
15907.0,-1
15909.0,2
15910.0,-1
15912.0,6
15916.0,-1
15917.0,2
15918.0,1
15919.0,12
15920.0,2
15921.0,1
15922.0,1
15923.0,2
15925.0,2
15930.0,-1
15932.0,-1
15933.0,-1
15935.0,11
15937.0,2
15938.0,-1
15940.0,-1
15942.0,1
15944.0,1
15945.0,2
15947.0,-1
15948.0,-1
15949.0,10
15950.0,-1
15951.0,-1
15952.0,-1
15953.0,-1
15957.0,3
15958.0,2
15963.0,14
15965.0,-1
15967.0,-1
15969.0,22
15970.0,1
15973.0,2
15974.0,-1
15975.0,10
15976.0,5
15977.0,-1
15978.0,-1
15980.0,-1
15981.0,-1
15983.0,-1
15984.0,-1
15985.0,-1
15986.0,2
15987.0,-1
15988.0,2
15990.0,-1
15992.0,-1
15993.0,-1
15994.0,3
15996.0,-1
15998.0,-1
16000.0,-1
16003.0,-1
16005.0,-1
16006.0,2
16007.0,-1
16008.0,8
16009.0,-1
16010.0,13
16011.0,-1
16012.0,-1
16014.0,-1
16015.0,-1
16016.0,-1
16017.0,2
16018.0,5
16019.0,-1
16020.0,-1
16022.0,-1
16023.0,-1
16024.0,6
16025.0,-1
16026.0,6
16027.0,-1
16030.0,1
16031.0,15
16034.0,5
16036.0,7
16037.0,-1
16038.0,-1
16040.0,-1
16041.0,-1
16042.0,-1
16043.0,-1
16045.0,-1
16048.0,6
16049.0,-1
16050.0,2
16052.0,4
16053.0,-1
16054.0,-1
16055.0,2
16056.0,-1
16057.0,-1
16059.0,-1
16061.0,-1
16062.0,-1
16063.0,1
16065.0,1
16066.0,-1
16070.0,-1
16071.0,1
16072.0,-1
16073.0,2
16076.0,-1
16078.0,16
16079.0,-1
16080.0,2
16081.0,-1
16083.0,-1
16084.0,9
16085.0,-1
16086.0,-1
16091.0,1
16092.0,-1
16093.0,-1
16094.0,-1
16096.0,1
16097.0,2
16098.0,-1
16099.0,-1
16101.0,-1
16102.0,-1
16103.0,-1
16104.0,1
16105.0,1
16106.0,2
16107.0,-1
16108.0,-1
16109.0,17
16110.0,-1
16112.0,2
16113.0,2
16114.0,2
16115.0,-1
16116.0,-1
16117.0,2
16119.0,3
16120.0,-1
16121.0,-1
16122.0,-1
16123.0,1
16124.0,2
16125.0,6
16126.0,-1
16127.0,-1
16128.0,-1
16131.0,-1
16134.0,20
16135.0,14
16136.0,-1
16138.0,-1
16139.0,-1
16140.0,-1
16141.0,20
16142.0,-1
16143.0,-1
16144.0,2
16146.0,-1
16147.0,4
16148.0,16
16149.0,1
16150.0,-1
16152.0,-1
16153.0,-1
16156.0,-1
16157.0,12
16159.0,1
16160.0,-1
16162.0,-1
16163.0,5
16164.0,-1
16169.0,-1
16170.0,-1
16171.0,16
16172.0,-1
16173.0,-1
16174.0,-1
16175.0,-1
16177.0,1
16178.0,2
16179.0,2
16180.0,-1
16181.0,1
16182.0,-1
16183.0,1
16184.0,-1
16185.0,-1
16188.0,-1
16189.0,2
16190.0,2
16193.0,1
16198.0,9
16200.0,-1
16201.0,-1
16202.0,1
16203.0,-1
16204.0,5
16205.0,-1
16206.0,-1
16207.0,9
16208.0,-1
16209.0,-1
16211.0,-1
16212.0,-1
16213.0,2
16214.0,-1
16215.0,6
16216.0,-1
16217.0,6
16218.0,-1
16221.0,-1
16222.0,-1
16224.0,-1
16225.0,-1
16226.0,6
16227.0,1
16229.0,-1
16230.0,-1
16232.0,-1
16233.0,5
16235.0,-1
16236.0,3
16239.0,10
16240.0,-1
16241.0,-1
16242.0,-1
16243.0,5
16244.0,-1
16245.0,-1
16247.0,2
16248.0,2
16249.0,-1
16250.0,4
16252.0,-1
16253.0,-1
16255.0,-1
16256.0,-1
16257.0,-1
16258.0,-1
16260.0,-1
16261.0,-1
16262.0,-1
16265.0,-1
16266.0,-1
16268.0,23
16270.0,-1
16271.0,-1
16272.0,-1
16274.0,1
16275.0,-1
16276.0,-1
16278.0,15
16279.0,-1
16281.0,-1
16282.0,2
16283.0,-1
16284.0,-1
16287.0,2
16292.0,1
16293.0,-1
16295.0,-1
16297.0,6
16298.0,19
16302.0,2
16303.0,-1
16305.0,4
16306.0,-1
16308.0,-1
16309.0,-1
16311.0,-1
16313.0,1
16315.0,2
16316.0,-1
16317.0,-1
16318.0,1
16319.0,13
16320.0,-1
16321.0,2
16322.0,1
16323.0,2
16324.0,5
16325.0,-1
16326.0,-1
16327.0,-1
16330.0,6
16332.0,-1
16337.0,2
16338.0,2
16339.0,2
16340.0,-1
16341.0,-1
16342.0,1
16343.0,10
16344.0,2
16345.0,-1
16347.0,-1
16348.0,-1
16349.0,-1
16350.0,-1
16351.0,2
16352.0,-1
16354.0,9
16356.0,2
16357.0,23
16358.0,-1
16359.0,-1
16360.0,-1
16361.0,-1
16362.0,-1
16363.0,2
16364.0,-1
16365.0,-1
16366.0,1
16367.0,-1
16368.0,-1
16369.0,-1
16370.0,-1
16372.0,10
16374.0,-1
16376.0,-1
16377.0,-1
16378.0,1
16379.0,-1
16380.0,-1
16383.0,23
16384.0,17
16385.0,-1
16386.0,1
16387.0,2
16389.0,-1
16392.0,2
16393.0,-1
16394.0,-1
16395.0,-1
16398.0,-1
16399.0,5
16400.0,1
16402.0,1
16403.0,2
16404.0,-1
16405.0,2
16406.0,2
16407.0,-1
16409.0,-1
16411.0,2
16412.0,2
16413.0,6
16414.0,2
16415.0,2
16416.0,-1
16418.0,-1
16419.0,-1
16423.0,4
16424.0,-1
16425.0,1
16426.0,-1
16427.0,2
16428.0,0
16429.0,1
16430.0,1
16431.0,19
16432.0,1
16433.0,2
16434.0,-1
16438.0,-1
16440.0,-1
16441.0,13
16442.0,-1
16444.0,21
16445.0,6
16446.0,-1
16447.0,6
16448.0,2
16449.0,21
16450.0,1
16451.0,6
16454.0,-1
16455.0,-1
16456.0,-1
16457.0,2
16458.0,-1
16460.0,-1
16461.0,2
16462.0,2
16463.0,-1
16464.0,-1
16466.0,-1
16468.0,16
16469.0,-1
16470.0,-1
16471.0,2
16473.0,1
16474.0,-1
16475.0,-1
16477.0,-1
16478.0,1
16479.0,1
16480.0,-1
16482.0,2
16483.0,2
16484.0,4
16485.0,4
16488.0,-1
16491.0,-1
16493.0,-1
16494.0,-1
16495.0,-1
16496.0,-1
16497.0,-1
16498.0,2
16499.0,1
16500.0,5
16503.0,-1
16504.0,8
16505.0,-1
16506.0,2
16509.0,1
16510.0,2
16511.0,-1
16513.0,-1
16515.0,-1
16516.0,2
16517.0,2
16518.0,14
16519.0,2
16520.0,-1
16526.0,1
16527.0,2
16528.0,6
16529.0,3
16531.0,-1
16532.0,-1
16533.0,-1
16535.0,19
16536.0,-1
16539.0,-1
16542.0,2
16545.0,1
16546.0,-1
16549.0,-1
16550.0,-1
16551.0,-1
16552.0,4
16553.0,-1
16554.0,12
16555.0,1
16556.0,-1
16557.0,1
16560.0,-1
16561.0,-1
16563.0,-1
16565.0,2
16566.0,-1
16567.0,-1
16569.0,2
16571.0,-1
16572.0,-1
16573.0,21
16574.0,18
16579.0,-1
16581.0,16
16582.0,1
16583.0,2
16584.0,-1
16586.0,3
16587.0,2
16589.0,-1
16591.0,2
16593.0,1
16594.0,2
16595.0,4
16596.0,6
16597.0,2
16598.0,2
16600.0,-1
16601.0,6
16602.0,-1
16603.0,14
16607.0,-1
16609.0,-1
16610.0,16
16611.0,2
16612.0,-1
16613.0,20
16614.0,14
16616.0,-1
16617.0,2
16618.0,-1
16619.0,2
16620.0,2
16621.0,-1
16623.0,2
16624.0,-1
16625.0,1
16627.0,1
16628.0,-1
16629.0,5
16633.0,-1
16634.0,2
16637.0,-1
16638.0,-1
16639.0,-1
16641.0,2
16642.0,-1
16643.0,18
16644.0,-1
16647.0,2
16648.0,1
16650.0,-1
16652.0,-1
16653.0,-1
16654.0,17
16655.0,-1
16657.0,-1
16658.0,2
16659.0,-1
16660.0,-1
16665.0,2
16666.0,2
16667.0,-1
16668.0,-1
16669.0,-1
16671.0,-1
16674.0,1
16676.0,-1
16678.0,-1
16679.0,2
16680.0,2
16681.0,-1
16682.0,-1
16685.0,1
16686.0,-1
16688.0,-1
16689.0,1
16690.0,2
16692.0,-1
16693.0,14
16696.0,21
16697.0,2
16698.0,-1
16706.0,-1
16708.0,-1
16709.0,-1
16710.0,-1
16711.0,-1
16714.0,-1
16715.0,1
16716.0,1
16717.0,-1
16718.0,-1
16719.0,-1
16720.0,2
16721.0,1
16723.0,-1
16725.0,-1
16726.0,-1
16727.0,6
16728.0,-1
16730.0,-1
16732.0,19
16734.0,12
16735.0,-1
16737.0,5
16738.0,-1
16739.0,1
16742.0,0
16743.0,-1
16744.0,-1
16747.0,-1
16748.0,-1
16750.0,-1
16751.0,-1
16752.0,2
16753.0,2
16754.0,-1
16755.0,-1
16756.0,2
16757.0,2
16758.0,10
16759.0,-1
16761.0,1
16762.0,-1
16763.0,-1
16764.0,-1
16765.0,-1
16766.0,-1
16767.0,-1
16768.0,-1
16769.0,4
16770.0,-1
16771.0,-1
16773.0,2
16774.0,12
16775.0,-1
16776.0,11
16777.0,2
16778.0,6
16780.0,5
16781.0,6
16782.0,-1
16784.0,2
16788.0,-1
16789.0,2
16790.0,-1
16791.0,-1
16792.0,2
16793.0,6
16794.0,-1
16795.0,10
16796.0,1
16800.0,-1
16801.0,-1
16803.0,1
16804.0,15
16805.0,-1
16806.0,-1
16807.0,-1
16808.0,1
16809.0,-1
16810.0,6
16811.0,-1
16812.0,-1
16813.0,-1
16816.0,5
16817.0,-1
16818.0,-1
16820.0,8
16823.0,1
16824.0,-1
16825.0,-1
16826.0,4
16828.0,2
16829.0,2
16830.0,1
16832.0,2
16833.0,-1
16834.0,11
16835.0,2
16836.0,6
16837.0,-1
16838.0,-1
16841.0,-1
16842.0,-1
16846.0,2
16847.0,2
16848.0,1
16849.0,2
16850.0,1
16851.0,4
16852.0,2
16855.0,1
16856.0,-1
16858.0,1
16859.0,-1
16861.0,2
16863.0,8
16866.0,2
16869.0,-1
16871.0,-1
16872.0,-1
16873.0,-1
16875.0,-1
16877.0,-1
16878.0,0
16880.0,-1
16881.0,3
16882.0,-1
16883.0,6
16884.0,3
16885.0,14
16887.0,2
16889.0,-1
16891.0,-1
16892.0,-1
16893.0,2
16895.0,2
16897.0,2
16898.0,18
16899.0,-1
16900.0,2
16902.0,-1
16903.0,13
16905.0,-1
16906.0,17
16907.0,-1
16909.0,4
16910.0,-1
16912.0,-1
16913.0,2
16914.0,2
16915.0,-1
16916.0,-1
16917.0,4
16918.0,-1
16919.0,-1
16921.0,2
16924.0,7
16926.0,2
16927.0,-1
16928.0,-1
16929.0,-1
16930.0,11
16932.0,2
16933.0,15
16934.0,-1
16936.0,1
16938.0,-1
16940.0,-1
16942.0,-1
16943.0,-1
16947.0,13
16948.0,-1
16949.0,-1
16950.0,-1
16951.0,-1
16952.0,2
16953.0,-1
16954.0,-1
16955.0,-1
16956.0,1
16957.0,11
16959.0,2
16960.0,-1
16961.0,2
16963.0,2
16965.0,2
16966.0,-1
16967.0,1
16968.0,18
16969.0,12
16971.0,6
16976.0,6
16978.0,4
16979.0,-1
16980.0,-1
16982.0,11
16983.0,-1
16984.0,-1
16985.0,-1
16986.0,-1
16987.0,-1
16988.0,2
16989.0,-1
16990.0,2
16992.0,-1
16995.0,0
16996.0,-1
16997.0,21
16998.0,1
16999.0,8
17002.0,-1
17004.0,-1
17006.0,-1
17007.0,-1
17010.0,2
17011.0,1
17014.0,17
17015.0,-1
17018.0,-1
17019.0,-1
17022.0,16
17024.0,2
17025.0,4
17026.0,2
17027.0,-1
17029.0,-1
17030.0,2
17031.0,11
17033.0,-1
17034.0,7
17035.0,4
17037.0,-1
17038.0,2
17040.0,3
17041.0,-1
17042.0,-1
17043.0,-1
17044.0,-1
17045.0,1
17046.0,20
17047.0,-1
17048.0,-1
17049.0,-1
17050.0,-1
17051.0,6
17052.0,5
17053.0,14
17054.0,-1
17058.0,-1
17059.0,-1
17060.0,2
17062.0,-1
17063.0,-1
17064.0,-1
17065.0,-1
17069.0,-1
17070.0,1
17071.0,-1
17073.0,-1
17075.0,-1
17076.0,-1
17078.0,13
17079.0,2
17080.0,1
17081.0,1
17082.0,-1
17083.0,-1
17084.0,-1
17085.0,-1
17086.0,-1
17088.0,-1
17090.0,-1
17091.0,-1
17092.0,-1
17094.0,6
17095.0,-1
17096.0,-1
17097.0,-1
17100.0,-1
17101.0,-1
17102.0,-1
17105.0,21
17107.0,-1
17109.0,-1
17110.0,2
17111.0,6
17114.0,-1
17115.0,-1
17117.0,2
17118.0,2
17119.0,19
17120.0,1
17122.0,2
17123.0,1
17124.0,1
17125.0,6
17126.0,-1
17128.0,2
17131.0,-1
17133.0,-1
17134.0,5
17135.0,-1
17138.0,4
17140.0,3
17142.0,15
17144.0,-1
17146.0,-1
17147.0,-1
17148.0,2
17152.0,-1
17153.0,2
17154.0,1
17155.0,6
17157.0,1
17158.0,-1
17159.0,-1
17160.0,-1
17162.0,-1
17163.0,1
17164.0,-1
17165.0,2
17166.0,2
17169.0,-1
17171.0,2
17172.0,1
17173.0,-1
17174.0,-1
17175.0,-1
17176.0,1
17179.0,-1
17180.0,-1
17181.0,6
17183.0,-1
17186.0,2
17187.0,2
17188.0,-1
17189.0,10
17190.0,6
17191.0,-1
17193.0,-1
17194.0,6
17197.0,-1
17198.0,-1
17201.0,4
17203.0,-1
17204.0,-1
17205.0,11
17206.0,2
17211.0,-1
17212.0,2
17213.0,-1
17214.0,-1
17217.0,2
17218.0,-1
17219.0,2
17220.0,-1
17221.0,4
17222.0,4
17223.0,11
17226.0,4
17227.0,-1
17228.0,-1
17229.0,1
17230.0,-1
17231.0,-1
17232.0,3
17233.0,2
17234.0,2
17235.0,-1
17236.0,-1
17237.0,1
17239.0,4
17242.0,-1
17244.0,-1
17245.0,2
17247.0,1
17248.0,1
17250.0,-1
17251.0,6
17252.0,4
17253.0,2
17254.0,1
17255.0,1
17256.0,6
17259.0,-1
17262.0,-1
17263.0,-1
17265.0,15
17266.0,1
17267.0,1
17268.0,7
17272.0,-1
17274.0,2
17277.0,-1
17278.0,2
17279.0,2
17282.0,-1
17284.0,-1
17286.0,2
17287.0,-1
17288.0,-1
17289.0,-1
17290.0,-1
17291.0,-1
17293.0,-1
17295.0,-1
17297.0,2
17298.0,8
17299.0,-1
17301.0,2
17302.0,-1
17303.0,2
17307.0,-1
17309.0,2
17311.0,-1
17312.0,-1
17313.0,-1
17314.0,-1
17317.0,-1
17320.0,-1
17321.0,-1
17323.0,-1
17324.0,-1
17325.0,2
17329.0,-1
17330.0,10
17331.0,2
17333.0,8
17334.0,1
17337.0,-1
17338.0,-1
17339.0,6
17340.0,-1
17341.0,7
17343.0,2
17344.0,2
17345.0,15
17346.0,-1
17347.0,2
17348.0,-1
17349.0,2
17350.0,-1
17351.0,-1
17353.0,-1
17354.0,-1
17356.0,2
17357.0,-1
17358.0,1
17359.0,2
17360.0,-1
17361.0,8
17362.0,1
17365.0,-1
17367.0,2
17368.0,-1
17370.0,-1
17371.0,3
17372.0,-1
17373.0,12
17374.0,-1
17375.0,4
17376.0,2
17379.0,5
17382.0,-1
17383.0,2
17384.0,4
17385.0,6
17386.0,-1
17387.0,-1
17388.0,-1
17391.0,8
17392.0,5
17394.0,2
17396.0,-1
17397.0,-1
17398.0,21
17400.0,-1
17402.0,-1
17403.0,1
17405.0,-1
17406.0,-1
17408.0,-1
17409.0,-1
17410.0,-1
17411.0,-1
17412.0,-1
17414.0,-1
17415.0,-1
17416.0,-1
17418.0,-1
17420.0,22
17422.0,-1
17423.0,23
17425.0,-1
17426.0,-1
17427.0,2
17429.0,-1
17430.0,1
17431.0,4
17432.0,10
17433.0,1
17434.0,-1
17436.0,2
17438.0,4
17440.0,2
17442.0,-1
17443.0,-1
17444.0,-1
17446.0,2
17447.0,15
17448.0,-1
17449.0,-1
17451.0,-1
17453.0,-1
17454.0,8
17455.0,2
17456.0,2
17457.0,-1
17458.0,1
17459.0,-1
17460.0,-1
17461.0,-1
17462.0,23
17463.0,-1
17464.0,1
17466.0,-1
17468.0,2
17469.0,-1
17470.0,-1
17472.0,-1
17475.0,2
17480.0,-1
17481.0,-1
17483.0,5
17486.0,10
17489.0,10
17490.0,-1
17491.0,-1
17492.0,4
17495.0,-1
17496.0,6
17498.0,1
17499.0,-1
17500.0,-1
17501.0,1
17502.0,-1
17503.0,17
17504.0,-1
17505.0,-1
17506.0,1
17507.0,-1
17508.0,4
17509.0,-1
17510.0,1
17512.0,-1
17513.0,-1
17514.0,2
17515.0,-1
17516.0,-1
17517.0,2
17519.0,-1
17520.0,15
17521.0,-1
17522.0,-1
17523.0,23
17524.0,2
17525.0,10
17526.0,-1
17527.0,-1
17528.0,-1
17530.0,-1
17531.0,1
17534.0,2
17535.0,2
17536.0,16
17537.0,-1
17538.0,2
17540.0,-1
17542.0,2
17545.0,12
17547.0,-1
17548.0,-1
17549.0,2
17550.0,6
17551.0,1
17552.0,-1
17553.0,-1
17554.0,-1
17555.0,8
17556.0,2
17557.0,-1
17560.0,-1
17561.0,2
17562.0,-1
17564.0,-1
17566.0,-1
17567.0,-1
17569.0,1
17571.0,-1
17572.0,2
17573.0,10
17574.0,2
17576.0,-1
17578.0,2
17579.0,18
17580.0,2
17582.0,2
17584.0,-1
17585.0,-1
17588.0,-1
17589.0,-1
17590.0,-1
17591.0,-1
17593.0,-1
17594.0,-1
17595.0,9
17596.0,-1
17597.0,-1
17600.0,2
17601.0,2
17602.0,-1
17603.0,-1
17604.0,1
17608.0,2
17609.0,-1
17612.0,-1
17614.0,11
17615.0,1
17616.0,15
17618.0,-1
17619.0,2
17620.0,2
17621.0,-1
17623.0,-1
17624.0,-1
17625.0,-1
17628.0,16
17629.0,-1
17630.0,14
17631.0,15
17633.0,-1
17634.0,-1
17636.0,1
17637.0,-1
17639.0,2
17640.0,20
17642.0,-1
17643.0,2
17644.0,-1
17646.0,-1
17647.0,2
17648.0,-1
17649.0,-1
17650.0,2
17653.0,-1
17654.0,2
17655.0,-1
17656.0,-1
17658.0,-1
17659.0,-1
17660.0,2
17663.0,-1
17664.0,20
17666.0,-1
17667.0,-1
17668.0,4
17669.0,-1
17670.0,2
17671.0,-1
17672.0,-1
17673.0,-1
17674.0,15
17676.0,-1
17678.0,1
17679.0,-1
17680.0,2
17682.0,-1
17684.0,6
17685.0,-1
17686.0,-1
17691.0,6
17692.0,-1
17693.0,2
17694.0,1
17695.0,-1
17696.0,-1
17697.0,1
17698.0,2
17700.0,-1
17701.0,11
17702.0,-1
17703.0,-1
17704.0,-1
17705.0,-1
17707.0,2
17708.0,6
17709.0,2
17711.0,11
17712.0,-1
17714.0,2
17715.0,1
17718.0,2
17720.0,-1
17722.0,-1
17723.0,-1
17724.0,-1
17725.0,-1
17727.0,-1
17728.0,-1
17731.0,-1
17732.0,1
17733.0,-1
17734.0,-1
17736.0,4
17737.0,2
17738.0,-1
17739.0,-1
17742.0,4
17744.0,-1
17746.0,2
17747.0,-1
17749.0,21
17750.0,-1
17752.0,16
17754.0,-1
17758.0,-1
17759.0,-1
17760.0,1
17761.0,-1
17763.0,-1
17764.0,-1
17765.0,4
17767.0,1
17768.0,-1
17770.0,-1
17771.0,6
17772.0,2
17774.0,-1
17775.0,-1
17777.0,-1
17779.0,12
17781.0,2
17783.0,1
17785.0,2
17786.0,1
17787.0,-1
17788.0,-1
17789.0,2
17790.0,-1
17791.0,2
17793.0,1
17795.0,1
17796.0,-1
17797.0,-1
17799.0,-1
17800.0,-1
17802.0,-1
17805.0,-1
17806.0,-1
17812.0,-1
17813.0,-1
17816.0,-1
17817.0,9
17819.0,-1
17820.0,-1
17824.0,1
17827.0,-1
17828.0,-1
17829.0,-1
17830.0,5
17831.0,-1
17832.0,2
17835.0,4
17836.0,2
17837.0,-1
17838.0,-1
17839.0,4
17843.0,2
17844.0,-1
17846.0,-1
17848.0,-1
17849.0,-1
17850.0,-1
17852.0,2
17854.0,1
17855.0,2
17856.0,-1
17859.0,2
17860.0,2
17861.0,-1
17862.0,1
17863.0,-1
17864.0,19
17866.0,1
17867.0,-1
17869.0,5
17870.0,-1
17871.0,2
17873.0,-1
17874.0,-1
17877.0,2
17878.0,13
17879.0,2
17880.0,5
17881.0,2
17883.0,-1
17884.0,-1
17885.0,2
17886.0,-1
17887.0,2
17888.0,-1
17889.0,2
17890.0,15
17891.0,2
17892.0,6
17893.0,2
17894.0,-1
17895.0,2
17896.0,6
17897.0,-1
17898.0,2
17899.0,2
17900.0,-1
17901.0,2
17904.0,2
17905.0,-1
17906.0,16
17908.0,2
17911.0,10
17912.0,1
17913.0,5
17914.0,4
17917.0,4
17919.0,-1
17921.0,-1
17923.0,2
17924.0,-1
17925.0,2
17926.0,11
17928.0,2
17929.0,-1
17930.0,-1
17931.0,9
17932.0,-1
17934.0,-1
17935.0,2
17936.0,9
17937.0,-1
17939.0,2
17940.0,-1
17941.0,1
17942.0,-1
17946.0,2
17947.0,2
17948.0,4
17950.0,-1
17951.0,-1
17954.0,-1
17955.0,-1
17956.0,-1
17957.0,2
17958.0,-1
17960.0,16
17961.0,-1
17962.0,2
17964.0,14
17965.0,-1
17966.0,-1
17967.0,2
17968.0,6
17969.0,2
17970.0,15
17972.0,2
17973.0,1
17974.0,7
17976.0,1
17977.0,1
17978.0,1
17979.0,-1
17980.0,-1
17984.0,2
17985.0,21
17986.0,-1
17987.0,2
17988.0,-1
17990.0,-1
17991.0,2
17994.0,20
17995.0,16
17997.0,-1
17999.0,11
18001.0,-1
18004.0,2
18005.0,6
18006.0,18
18008.0,-1
18009.0,6
18010.0,2
18011.0,2
18013.0,2
18014.0,2
18015.0,2
18016.0,-1
18017.0,-1
18018.0,2
18019.0,-1
18022.0,-1
18024.0,2
18027.0,2
18030.0,2
18032.0,16
18033.0,2
18034.0,3
18035.0,-1
18036.0,5
18037.0,-1
18040.0,4
18042.0,2
18043.0,-1
18044.0,-1
18045.0,2
18048.0,2
18050.0,16
18053.0,1
18056.0,1
18058.0,2
18059.0,1
18061.0,-1
18062.0,-1
18064.0,-1
18065.0,-1
18066.0,1
18067.0,9
18068.0,2
18069.0,-1
18071.0,5
18072.0,0
18074.0,3
18075.0,-1
18077.0,-1
18078.0,1
18079.0,-1
18080.0,-1
18081.0,4
18082.0,-1
18084.0,2
18085.0,-1
18086.0,2
18087.0,-1
18088.0,2
18093.0,-1
18094.0,-1
18095.0,-1
18096.0,-1
18097.0,-1
18099.0,2
18101.0,2
18104.0,-1
18105.0,2
18106.0,11
18108.0,6
18110.0,2
18112.0,4
18113.0,16
18114.0,2
18116.0,-1
18117.0,1
18119.0,2
18120.0,2
18121.0,12
18122.0,-1
18123.0,22
18125.0,-1
18126.0,2
18127.0,4
18129.0,2
18130.0,-1
18133.0,-1
18135.0,-1
18136.0,-1
18138.0,2
18139.0,-1
18141.0,-1
18142.0,-1
18143.0,-1
18144.0,-1
18145.0,-1
18146.0,2
18147.0,2
18149.0,20
18150.0,17
18151.0,-1
18154.0,5
18155.0,4
18156.0,7
18158.0,-1
18159.0,14
18160.0,21
18161.0,-1
18164.0,9
18165.0,1
18167.0,-1
18168.0,-1
18169.0,2
18170.0,-1
18171.0,-1
18173.0,-1
18174.0,2
18176.0,9
18177.0,-1
18178.0,-1
18179.0,-1
18180.0,-1
18181.0,11
18183.0,-1
18184.0,-1
18185.0,1
18188.0,-1
18189.0,-1
18190.0,6
18191.0,2
18192.0,-1
18193.0,2
18194.0,-1
18196.0,-1
18200.0,2
18202.0,-1
18203.0,2
18204.0,-1
18205.0,-1
18209.0,2
18210.0,-1
18211.0,19
18212.0,2
18213.0,2
18215.0,1
18216.0,8
18217.0,-1
18218.0,-1
18219.0,-1
18220.0,1
18221.0,-1
18222.0,3
18224.0,2
18227.0,2
18228.0,-1
18230.0,-1
18231.0,-1
18232.0,17
18233.0,9
18235.0,-1
18236.0,-1
18237.0,-1
18239.0,-1
18240.0,-1
18241.0,-1
18242.0,-1
18245.0,-1
18246.0,19
18248.0,-1
18249.0,2
18250.0,1
18251.0,-1
18252.0,-1
18255.0,2
18256.0,-1
18257.0,-1
18259.0,-1
18260.0,-1
18261.0,1
18262.0,2
18263.0,-1
18265.0,-1
18268.0,0
18269.0,2
18270.0,6
18272.0,-1
18273.0,2
18274.0,0
18276.0,1
18277.0,2
18278.0,2
18280.0,2
18281.0,-1
18282.0,2
18283.0,-1
18287.0,-1
