customer_id,cluster
12346.0,3512
12347.0,0
12348.0,1
12349.0,2
12350.0,3
12352.0,4
12353.0,3418
12354.0,5
12355.0,6
12356.0,7
12357.0,8
12358.0,9
12359.0,10
12360.0,11
12361.0,12
12363.0,13
12364.0,14
12365.0,15
12367.0,16
12370.0,17
12371.0,18
12372.0,19
12373.0,20
12374.0,21
12375.0,22
12377.0,23
12378.0,2631
12379.0,24
12380.0,25
12381.0,26
12383.0,27
12384.0,28
12386.0,29
12388.0,30
12390.0,31
12391.0,32
12393.0,33
12394.0,34
12395.0,35
12397.0,36
12398.0,37
12399.0,38
12401.0,3418
12402.0,39
12403.0,40
12405.0,41
12406.0,42
12407.0,43
12408.0,44
12409.0,375
12410.0,45
12412.0,46
12413.0,47
12414.0,48
12417.0,49
12418.0,50
12420.0,51
12421.0,52
12422.0,53
12423.0,54
12424.0,55
12425.0,56
12426.0,57
12427.0,58
12428.0,62
12429.0,2631
12430.0,59
12432.0,60
12433.0,375
12434.0,61
12435.0,62
12436.0,63
12438.0,64
12441.0,65
12442.0,66
12444.0,67
12445.0,1147
12446.0,68
12447.0,69
12448.0,70
12449.0,71
12450.0,72
12451.0,62
12452.0,73
12453.0,74
12454.0,3512
12455.0,75
12456.0,76
12457.0,77
12458.0,78
12461.0,79
12462.0,80
12463.0,81
12464.0,82
12465.0,83
12468.0,84
12472.0,85
12473.0,86
12475.0,87
12477.0,375
12478.0,88
12479.0,89
12480.0,90
12481.0,91
12483.0,92
12484.0,93
12488.0,94
12489.0,95
12491.0,96
12492.0,97
12493.0,98
12494.0,99
12497.0,100
12498.0,101
12501.0,102
12502.0,103
12503.0,3212
12504.0,3418
12505.0,3512
12506.0,3418
12507.0,104
12508.0,105
12509.0,106
12510.0,107
12512.0,1147
12513.0,108
12514.0,109
12515.0,110
12516.0,111
12517.0,112
12518.0,113
12519.0,114
12520.0,115
12521.0,116
12522.0,117
12523.0,118
12524.0,119
12526.0,120
12527.0,121
12528.0,122
12530.0,123
12531.0,1147
12532.0,124
12534.0,125
12535.0,126
12536.0,127
12538.0,128
12539.0,2631
12541.0,129
12544.0,130
12545.0,131
12546.0,132
12547.0,133
12548.0,3418
12550.0,134
12551.0,135
12552.0,136
12556.0,137
12557.0,375
12558.0,3512
12559.0,138
12560.0,139
12561.0,140
12562.0,2631
12564.0,141
12565.0,3418
12566.0,142
12571.0,143
12572.0,144
12573.0,145
12574.0,146
12576.0,147
12577.0,148
12578.0,149
12579.0,150
12580.0,151
12581.0,152
12582.0,153
12584.0,154
12585.0,155
12586.0,156
12587.0,157
12588.0,158
12589.0,159
12590.0,375
12591.0,160
12592.0,161
12593.0,162
12594.0,163
12596.0,164
12597.0,165
12598.0,166
12599.0,167
12600.0,168
12601.0,169
12602.0,170
12603.0,171
12604.0,172
12605.0,3512
12607.0,3512
12609.0,173
12610.0,174
12611.0,175
12612.0,176
12613.0,177
12614.0,178
12615.0,179
12616.0,180
12617.0,181
12618.0,182
12619.0,183
12620.0,184
12622.0,185
12623.0,186
12624.0,187
12625.0,188
12627.0,189
12628.0,190
12630.0,191
12631.0,192
12633.0,193
12635.0,194
12637.0,195
12638.0,196
12639.0,197
12640.0,198
12641.0,199
12642.0,200
12643.0,201
12644.0,202
12645.0,203
12646.0,204
12648.0,205
12649.0,206
12650.0,207
12651.0,3418
12652.0,208
12653.0,209
12654.0,210
12656.0,387
12657.0,211
12658.0,212
12659.0,3418
12660.0,213
12665.0,3418
12666.0,3512
12667.0,214
12668.0,2631
12669.0,215
12670.0,216
12672.0,217
12673.0,218
12674.0,219
12676.0,220
12679.0,221
12680.0,222
12684.0,223
12685.0,224
12686.0,3418
12688.0,225
12689.0,226
12690.0,227
12691.0,228
12693.0,229
12694.0,230
12695.0,231
12697.0,232
12700.0,233
12701.0,234
12702.0,235
12703.0,236
12704.0,237
12705.0,238
12707.0,239
12708.0,240
12710.0,241
12713.0,242
12714.0,243
12715.0,244
12716.0,245
12717.0,246
12718.0,247
12719.0,248
12721.0,249
12722.0,250
12723.0,251
12724.0,252
12725.0,253
12726.0,254
12727.0,1449
12728.0,255
12729.0,256
12732.0,257
12733.0,258
12734.0,3418
12735.0,259
12736.0,260
12738.0,1147
12739.0,261
12740.0,262
12743.0,263
12744.0,62
12749.0,1449
12750.0,264
12752.0,265
12753.0,375
12754.0,266
12755.0,267
12756.0,3418
12758.0,268
12759.0,269
12762.0,270
12763.0,271
12764.0,272
12766.0,273
12769.0,274
12770.0,275
12772.0,276
12775.0,277
12778.0,278
12779.0,1449
12781.0,279
12782.0,280
12783.0,281
12784.0,282
12785.0,283
12787.0,284
12789.0,3418
12790.0,285
12791.0,286
12792.0,287
12793.0,288
12794.0,289
12795.0,290
12797.0,291
12798.0,292
12802.0,293
12808.0,294
12809.0,295
12811.0,296
12812.0,297
12814.0,1147
12815.0,298
12816.0,299
12817.0,300
12818.0,301
12820.0,302
12821.0,3418
12822.0,303
12823.0,304
12824.0,305
12826.0,306
12827.0,307
12828.0,308
12829.0,309
12830.0,310
12831.0,311
12832.0,312
12833.0,313
12834.0,314
12836.0,315
12837.0,1147
12838.0,316
12840.0,317
12842.0,318
12843.0,319
12844.0,320
12845.0,321
12847.0,322
12849.0,323
12851.0,1147
12852.0,324
12853.0,325
12854.0,326
12855.0,3512
12856.0,327
12857.0,328
12863.0,329
12864.0,1147
12865.0,330
12866.0,331
12867.0,387
12868.0,332
12870.0,3512
12871.0,333
12872.0,334
12873.0,335
12875.0,336
12876.0,337
12877.0,338
12878.0,339
12879.0,340
12881.0,341
12882.0,342
12883.0,343
12884.0,344
12885.0,345
12886.0,346
12888.0,347
12890.0,348
12891.0,349
12893.0,350
12895.0,351
12897.0,352
12902.0,1147
12904.0,353
12906.0,354
12908.0,355
12909.0,356
12910.0,357
12912.0,358
12913.0,359
12915.0,360
12916.0,361
12917.0,362
12919.0,363
12920.0,364
12922.0,365
12923.0,366
12924.0,367
12925.0,368
12928.0,369
12929.0,3418
12930.0,370
12933.0,371
12935.0,372
12936.0,373
12937.0,374
12938.0,3418
12939.0,375
12940.0,376
12942.0,377
12943.0,3512
12944.0,378
12945.0,379
12947.0,380
12948.0,381
12949.0,382
12950.0,383
12951.0,384
12952.0,385
12953.0,386
12956.0,3418
12957.0,387
12962.0,388
12963.0,389
12965.0,390
12966.0,391
12967.0,392
12968.0,1147
12970.0,393
12974.0,1147
12976.0,394
12977.0,3418
12981.0,395
12982.0,396
12984.0,3418
12985.0,397
12987.0,398
12988.0,399
12990.0,400
12991.0,401
12993.0,402
12994.0,403
12995.0,404
12997.0,405
12999.0,406
13000.0,407
13002.0,3418
13003.0,408
13005.0,409
13006.0,3418
13008.0,410
13011.0,3418
13012.0,411
13014.0,412
13015.0,413
13016.0,414
13017.0,415
13021.0,416
13023.0,417
13026.0,418
13027.0,419
13028.0,420
13029.0,421
13030.0,422
13032.0,423
13033.0,424
13034.0,425
13035.0,426
13037.0,427
13038.0,428
13040.0,429
13043.0,430
13044.0,431
13045.0,432
13046.0,433
13047.0,434
13048.0,435
13049.0,436
13052.0,437
13055.0,438
13058.0,439
13059.0,440
13060.0,441
13061.0,442
13062.0,443
13064.0,444
13065.0,445
13066.0,446
13067.0,3418
13068.0,447
13070.0,448
13072.0,449
13075.0,450
13077.0,451
13079.0,452
13080.0,3418
13082.0,453
13083.0,454
13085.0,455
13091.0,456
13092.0,457
13093.0,458
13094.0,459
13095.0,3418
13099.0,460
13101.0,3418
13103.0,461
13104.0,462
13106.0,3418
13107.0,463
13108.0,464
13109.0,465
13110.0,466
13115.0,467
13116.0,468
13117.0,469
13118.0,470
13120.0,3512
13121.0,471
13122.0,472
13124.0,881
13126.0,473
13127.0,474
13130.0,3418
13131.0,475
13132.0,3418
13133.0,3418
13134.0,476
13135.0,477
13136.0,478
13137.0,479
13138.0,480
13139.0,481
13140.0,482
13141.0,483
13142.0,484
13144.0,3418
13145.0,485
13146.0,486
13147.0,487
13148.0,488
13149.0,489
13151.0,490
13153.0,491
13154.0,492
13155.0,493
13157.0,494
13158.0,495
13159.0,496
13160.0,3418
13161.0,3418
13162.0,497
13165.0,498
13166.0,499
13167.0,500
13168.0,501
13169.0,502
13170.0,3418
13171.0,503
13173.0,504
13174.0,505
13176.0,506
13177.0,507
13182.0,1147
13184.0,508
13185.0,3418
13186.0,509
13187.0,510
13188.0,3418
13189.0,511
13192.0,512
13193.0,3418
13194.0,3418
13196.0,513
13198.0,514
13200.0,515
13203.0,516
13207.0,517
13208.0,518
13209.0,519
13210.0,520
13211.0,521
13212.0,522
13213.0,523
13216.0,524
13217.0,1147
13218.0,3418
13220.0,525
13221.0,526
13223.0,527
13224.0,528
13225.0,529
13226.0,3418
13227.0,530
13228.0,531
13229.0,532
13230.0,533
13232.0,534
13233.0,535
13235.0,3418
13236.0,536
13238.0,537
13239.0,538
13240.0,539
13242.0,540
13243.0,541
13244.0,3418
13245.0,542
13246.0,543
13247.0,544
13248.0,545
13249.0,546
13253.0,547
13255.0,548
13256.0,3512
13258.0,549
13259.0,550
13260.0,551
13261.0,552
13262.0,553
13265.0,554
13268.0,555
13270.0,556
13271.0,557
13272.0,558
13273.0,1147
13276.0,559
13277.0,560
13278.0,561
13279.0,1147
13280.0,562
13282.0,563
13283.0,3418
13284.0,564
13285.0,565
13291.0,566
13292.0,567
13294.0,568
13295.0,569
13296.0,3418
13297.0,570
13298.0,571
13299.0,1147
13300.0,572
13301.0,573
13302.0,3418
13304.0,574
13305.0,575
13307.0,3512
13308.0,576
13309.0,577
13310.0,578
13311.0,579
13313.0,580
13314.0,581
13316.0,582
13317.0,583
13318.0,584
13320.0,585
13321.0,586
13322.0,587
13323.0,588
13324.0,589
13325.0,590
13327.0,591
13328.0,592
13329.0,593
13330.0,594
13332.0,595
13334.0,596
13336.0,597
13338.0,598
13339.0,599
13340.0,375
13341.0,600
13343.0,601
13344.0,602
13345.0,603
13347.0,604
13348.0,605
13349.0,606
13350.0,607
13351.0,608
13352.0,609
13354.0,610
13355.0,611
13356.0,612
13357.0,613
13358.0,614
13359.0,615
13362.0,616
13363.0,617
13364.0,3512
13365.0,618
13366.0,3418
13368.0,619
13369.0,620
13370.0,621
13372.0,622
13373.0,623
13375.0,624
13376.0,625
13379.0,626
13381.0,627
13382.0,628
13384.0,629
13385.0,630
13388.0,631
13389.0,632
13390.0,633
13391.0,3418
13394.0,634
13395.0,635
13396.0,636
13397.0,637
13398.0,638
13402.0,639
13403.0,3418
13404.0,640
13405.0,641
13410.0,642
13411.0,643
13414.0,644
13416.0,645
13417.0,646
13419.0,647
13420.0,1147
13421.0,648
13422.0,649
13425.0,650
13426.0,651
13427.0,652
13428.0,653
13429.0,654
13430.0,655
13431.0,656
13434.0,657
13435.0,2631
13436.0,658
13437.0,659
13439.0,660
13441.0,661
13447.0,662
13448.0,663
13449.0,664
13450.0,665
13451.0,666
13452.0,667
13453.0,668
13455.0,669
13456.0,670
13460.0,671
13461.0,672
13462.0,1147
13464.0,673
13466.0,674
13467.0,675
13470.0,676
13471.0,677
13473.0,678
13474.0,679
13475.0,680
13476.0,681
13477.0,682
13479.0,683
13481.0,684
13482.0,685
13483.0,1147
13484.0,686
13485.0,687
13486.0,688
13487.0,689
13489.0,690
13491.0,691
13492.0,692
13493.0,693
13494.0,694
13495.0,695
13496.0,696
13497.0,697
13499.0,698
13500.0,699
13501.0,700
13502.0,701
13503.0,702
13504.0,703
13505.0,704
13506.0,705
13507.0,706
13508.0,3418
13509.0,707
13510.0,708
13512.0,709
13513.0,710
13514.0,711
13515.0,712
13516.0,713
13517.0,714
13518.0,715
13519.0,3418
13520.0,716
13521.0,717
13522.0,1147
13523.0,881
13524.0,718
13525.0,719
13527.0,720
13529.0,721
13531.0,722
13532.0,723
13533.0,724
13536.0,725
13538.0,726
13539.0,727
13544.0,728
13546.0,729
13548.0,730
13549.0,731
13551.0,3418
13552.0,732
13555.0,733
13557.0,734
13558.0,735
13560.0,736
13561.0,1147
13562.0,737
13563.0,738
13564.0,739
13565.0,740
13566.0,741
13568.0,742
13569.0,743
13570.0,744
13571.0,745
13572.0,746
13573.0,747
13575.0,748
13577.0,749
13579.0,750
13581.0,3418
13583.0,751
13584.0,1147
13587.0,752
13588.0,753
13589.0,754
13590.0,755
13591.0,756
13592.0,757
13593.0,758
13594.0,759
13596.0,760
13598.0,761
13600.0,762
13601.0,763
13602.0,764
13603.0,765
13606.0,766
13607.0,767
13610.0,768
13611.0,769
13614.0,770
13615.0,771
13617.0,772
13618.0,773
13621.0,774
13623.0,775
13626.0,776
13627.0,777
13630.0,778
13631.0,779
13632.0,780
13634.0,781
13635.0,782
13636.0,783
13637.0,784
13638.0,1147
13639.0,785
13642.0,786
13643.0,787
13644.0,788
13645.0,789
13647.0,790
13649.0,791
13650.0,792
13651.0,3418
13652.0,793
13654.0,794
13655.0,795
13656.0,796
13657.0,797
13658.0,798
13659.0,799
13662.0,800
13663.0,801
13666.0,3418
13667.0,802
13669.0,803
13670.0,804
13672.0,3512
13673.0,805
13675.0,806
13678.0,807
13680.0,808
13681.0,809
13682.0,3418
13684.0,3418
13685.0,810
13686.0,3418
13689.0,811
13690.0,812
13692.0,813
13693.0,3512
13695.0,814
13697.0,815
13699.0,816
13700.0,817
13703.0,3418
13704.0,818
13705.0,819
13706.0,820
13707.0,821
13708.0,822
13709.0,823
13710.0,824
13711.0,825
13712.0,826
13715.0,827
13716.0,1147
13717.0,828
13718.0,829
13719.0,830
13720.0,831
13721.0,832
13722.0,833
13723.0,834
13725.0,835
13726.0,836
13727.0,837
13728.0,838
13730.0,839
13731.0,840
13732.0,841
13735.0,842
13736.0,843
13737.0,844
13739.0,845
13740.0,846
13741.0,847
13742.0,848
13743.0,849
13744.0,850
13745.0,851
13747.0,3418
13748.0,852
13750.0,853
13751.0,854
13752.0,855
13753.0,856
13754.0,857
13755.0,858
13758.0,859
13759.0,860
13760.0,861
13761.0,862
13762.0,3512
13763.0,863
13764.0,864
13769.0,865
13771.0,866
13772.0,867
13774.0,868
13778.0,869
13780.0,870
13781.0,3418
13782.0,871
13784.0,872
13786.0,873
13787.0,874
13790.0,875
13791.0,876
13792.0,877
13799.0,878
13800.0,879
13801.0,880
13802.0,881
13803.0,882
13804.0,883
13805.0,884
13806.0,885
13807.0,3418
13808.0,886
13809.0,1147
13810.0,887
13811.0,888
13812.0,889
13813.0,890
13814.0,891
13815.0,892
13816.0,893
13817.0,894
13819.0,895
13821.0,896
13822.0,897
13823.0,898
13824.0,899
13826.0,900
13827.0,901
13828.0,902
13829.0,3512
13831.0,903
13832.0,3418
13833.0,904
13835.0,905
13837.0,906
13838.0,907
13841.0,3418
13842.0,908
13844.0,909
13845.0,910
13846.0,911
13848.0,912
13849.0,913
13850.0,914
13851.0,915
13853.0,916
13856.0,917
13858.0,918
13859.0,919
13860.0,920
13862.0,921
13863.0,922
13865.0,923
13866.0,924
13867.0,925
13868.0,926
13869.0,927
13870.0,928
13873.0,929
13874.0,930
13875.0,931
13876.0,1147
13877.0,3418
13878.0,932
13880.0,933
13882.0,934
13883.0,935
13884.0,936
13885.0,937
13886.0,938
13887.0,939
13888.0,940
13889.0,941
13890.0,942
13892.0,943
13893.0,944
13894.0,945
13895.0,946
13897.0,947
13898.0,1147
13899.0,948
13900.0,949
13901.0,950
13904.0,951
13908.0,952
13911.0,953
13914.0,954
13917.0,955
13918.0,956
13919.0,957
13922.0,958
13923.0,959
13924.0,960
13925.0,961
13926.0,962
13927.0,963
13928.0,964
13929.0,965
13930.0,966
13931.0,967
13932.0,968
13933.0,969
13934.0,970
13936.0,971
13937.0,972
13938.0,3418
13939.0,973
13940.0,974
13941.0,975
13946.0,976
13947.0,3418
13948.0,3418
13949.0,977
13950.0,978
13951.0,979
13952.0,980
13953.0,981
13954.0,982
13955.0,983
13956.0,984
13958.0,3512
13959.0,985
13960.0,986
13962.0,987
13963.0,988
13967.0,3418
13971.0,989
13972.0,990
13973.0,991
13974.0,992
13975.0,993
13976.0,994
13978.0,995
13979.0,996
13980.0,997
13982.0,998
13983.0,999
13984.0,1000
13986.0,1001
13988.0,1002
13989.0,1003
13990.0,1004
13991.0,1005
13992.0,3418
13993.0,1006
13994.0,1007
13995.0,1008
14000.0,1009
14001.0,1010
14002.0,1011
14004.0,1012
14005.0,1013
14006.0,1014
14009.0,1015
14012.0,1016
14013.0,1017
14014.0,1018
14015.0,1019
14016.0,1020
14019.0,1021
14020.0,1022
14021.0,1023
14022.0,1024
14023.0,1025
14024.0,1026
14027.0,3418
14029.0,1027
14030.0,1028
14032.0,1029
14034.0,1030
14035.0,1031
14036.0,1032
14037.0,1147
14038.0,1033
14039.0,1034
14040.0,1035
14041.0,1147
14044.0,1036
14045.0,1037
14046.0,1147
14047.0,1038
14048.0,1039
14049.0,1040
14050.0,1041
14052.0,1042
14053.0,1043
14054.0,3418
14055.0,1044
14059.0,1045
14064.0,1046
14066.0,1147
14067.0,1047
14068.0,1048
14071.0,1049
14073.0,1147
14075.0,1050
14076.0,3418
14077.0,1051
14078.0,1052
14079.0,1053
14080.0,3418
14081.0,1054
14082.0,1055
14083.0,1056
14087.0,1057
14089.0,1058
14090.0,3418
14093.0,1059
14098.0,1060
14099.0,1061
14100.0,1062
14101.0,1063
14102.0,1064
14104.0,1065
14105.0,1066
14107.0,1067
14108.0,1068
14109.0,3418
14111.0,1069
14112.0,1070
14113.0,1071
14114.0,1072
14116.0,1073
14117.0,3418
14119.0,3512
14121.0,1074
14124.0,1075
14125.0,1076
14126.0,1077
14127.0,1078
14128.0,1079
14129.0,1080
14130.0,1081
14132.0,1082
14133.0,1083
14138.0,1084
14139.0,1085
14140.0,1086
14141.0,1087
14142.0,1088
14143.0,3418
14145.0,1089
14146.0,1090
14147.0,1091
14148.0,1092
14149.0,1093
14150.0,1094
14152.0,1095
14154.0,1096
14155.0,3418
14157.0,1097
14158.0,1098
14161.0,1099
14162.0,1100
14163.0,1101
14164.0,1102
14165.0,3418
14167.0,1103
14171.0,1104
14173.0,1105
14174.0,1147
14175.0,1106
14176.0,1107
14177.0,1108
14178.0,1109
14179.0,1110
14184.0,1111
14185.0,1112
14188.0,1113
14193.0,1114
14195.0,1115
14196.0,1116
14198.0,1117
14199.0,1118
14201.0,1119
14204.0,1120
14205.0,1121
14206.0,1122
14208.0,1123
14209.0,1124
14210.0,1125
14211.0,1126
14212.0,1127
14213.0,3212
14214.0,1128
14215.0,1129
14216.0,1130
14217.0,1131
14218.0,1132
14219.0,3418
14220.0,1133
14221.0,1134
14222.0,1135
14223.0,1136
14224.0,1137
14226.0,1138
14227.0,1139
14229.0,1140
14231.0,1141
14232.0,1142
14233.0,1143
14234.0,1144
14235.0,1145
14236.0,1146
14237.0,1147
14238.0,1147
14239.0,1148
14240.0,1149
14241.0,1150
14242.0,1151
14243.0,1152
14245.0,1153
14246.0,1154
14247.0,1147
14248.0,1155
14250.0,1156
14251.0,1157
14256.0,1158
14257.0,1159
14258.0,375
14259.0,3418
14261.0,1160
14262.0,1161
14264.0,1162
14265.0,1163
14267.0,1164
14270.0,1165
14271.0,3418
14272.0,1166
14273.0,1167
14276.0,1168
14277.0,1449
14280.0,1147
14284.0,1169
14285.0,1170
14286.0,1171
14287.0,1172
14288.0,1173
14289.0,1174
14290.0,1175
14291.0,1449
14292.0,1176
14293.0,1177
14295.0,1178
14297.0,1179
14299.0,1180
14300.0,3418
14301.0,1181
14304.0,1182
14305.0,1183
14306.0,1184
14307.0,1185
14309.0,1186
14311.0,1187
14312.0,1188
14314.0,3418
14315.0,1189
14317.0,1190
14320.0,1191
14321.0,1192
14323.0,1193
14326.0,1194
14327.0,1195
14329.0,1196
14331.0,1197
14332.0,1198
14333.0,1199
14334.0,1200
14335.0,1201
14336.0,1202
14338.0,1203
14339.0,1204
14340.0,1147
14341.0,1205
14342.0,1206
14344.0,1207
14345.0,3418
14346.0,1208
14348.0,1209
14349.0,1147
14350.0,1210
14351.0,3418
14352.0,1211
14353.0,3418
14354.0,1212
14355.0,1213
14356.0,1214
14357.0,1215
14359.0,1216
14360.0,1217
14362.0,1218
14364.0,1219
14368.0,1147
14371.0,3418
14373.0,3418
14375.0,1220
14377.0,1221
14379.0,1222
14381.0,1223
14382.0,1224
14383.0,1225
14385.0,1226
14386.0,1147
14387.0,1227
14388.0,1228
14389.0,1229
14390.0,1230
14393.0,3418
14395.0,1231
14396.0,1232
14397.0,1233
14400.0,1234
14403.0,1235
14404.0,1236
14406.0,1237
14407.0,1238
14408.0,1239
14409.0,1240
14410.0,1241
14411.0,1242
14412.0,1243
14413.0,3418
14414.0,1244
14416.0,1245
14418.0,1246
14419.0,1247
14420.0,1248
14421.0,1249
14422.0,1250
14423.0,1251
14424.0,1252
14426.0,1449
14427.0,1253
14428.0,1254
14431.0,1255
14432.0,1256
14434.0,1257
14436.0,3418
14437.0,3512
14438.0,3418
14439.0,1258
14440.0,1259
14441.0,1260
14442.0,1261
14443.0,1262
14446.0,1263
14447.0,1264
14448.0,1265
14449.0,1266
14450.0,1267
14451.0,1268
14452.0,1269
14453.0,3418
14456.0,1270
14457.0,3418
14459.0,1271
14460.0,1272
14461.0,1273
14462.0,1274
14463.0,1275
14465.0,1276
14466.0,1277
14467.0,1278
14470.0,1279
14472.0,1280
14473.0,1281
14474.0,1282
14475.0,1283
14476.0,1284
14477.0,1285
14479.0,1286
14480.0,1287
14481.0,1288
14482.0,1289
14483.0,1147
14484.0,1290
14485.0,1291
14487.0,1292
14488.0,1293
14489.0,1294
14491.0,1295
14493.0,1296
14494.0,1147
14495.0,1147
14496.0,1297
14497.0,1298
14498.0,1299
14499.0,1300
14500.0,1301
14501.0,1302
14502.0,1303
14503.0,1304
14504.0,1305
14505.0,1306
14506.0,1307
14507.0,1308
14508.0,1309
14511.0,1310
14512.0,1311
14513.0,1312
14514.0,1313
14515.0,1314
14517.0,1315
14518.0,1316
14520.0,1317
14522.0,1318
14523.0,1319
14524.0,1320
14528.0,1321
14529.0,1322
14530.0,1323
14532.0,1324
14533.0,1325
14535.0,1326
14536.0,1327
14537.0,1328
14538.0,1329
14539.0,1330
14540.0,1331
14541.0,1332
14542.0,3418
14543.0,1333
14544.0,1334
14546.0,1335
14547.0,1336
14548.0,1337
14549.0,1338
14550.0,1339
14551.0,1340
14552.0,1341
14553.0,1342
14554.0,1343
14555.0,1344
14557.0,3512
14560.0,1345
14561.0,1346
14565.0,1347
14566.0,1348
14567.0,1349
14569.0,1350
14570.0,1351
14572.0,1352
14573.0,1353
14576.0,3512
14577.0,1354
14578.0,1355
14581.0,1147
14582.0,3418
14583.0,1356
14584.0,1357
14585.0,1358
14586.0,1147
14587.0,1359
14589.0,3418
14591.0,1360
14592.0,1361
14593.0,1362
14594.0,1363
14595.0,1364
14597.0,1365
14598.0,1366
14600.0,1367
14601.0,1368
14603.0,1369
14607.0,375
14608.0,1370
14609.0,1371
14616.0,1372
14618.0,1373
14619.0,1374
14620.0,1375
14621.0,1376
14622.0,1377
14623.0,1378
14624.0,1379
14625.0,1380
14626.0,1381
14627.0,3512
14628.0,1382
14629.0,1383
14631.0,1384
14632.0,3418
14633.0,1385
14636.0,1386
14638.0,1387
14639.0,1388
14640.0,1389
14641.0,3418
14642.0,3418
14643.0,1390
14644.0,1391
14645.0,1392
14647.0,1393
14649.0,1394
14651.0,1395
14652.0,3418
14653.0,1396
14655.0,1397
14656.0,1398
14657.0,1399
14658.0,1400
14659.0,1401
14660.0,1402
14661.0,3418
14662.0,1403
14664.0,1404
14665.0,1405
14666.0,1406
14669.0,1407
14670.0,1408
14672.0,1409
14673.0,1410
14675.0,1411
14676.0,1412
14679.0,3512
14681.0,1413
14682.0,3418
14684.0,1414
14687.0,1415
14689.0,3418
14690.0,1416
14691.0,1417
14692.0,1418
14693.0,1419
14696.0,1420
14697.0,1421
14698.0,1422
14699.0,3418
14700.0,1423
14701.0,1424
14702.0,1425
14703.0,1426
14704.0,1427
14705.0,1428
14708.0,1429
14710.0,1430
14711.0,1431
14712.0,1432
14713.0,1433
14714.0,1434
14715.0,1435
14716.0,1436
14719.0,1437
14720.0,1438
14722.0,1439
14723.0,1440
14725.0,1441
14727.0,1442
14729.0,1443
14730.0,1444
14731.0,1445
14732.0,1446
14737.0,1447
14738.0,1448
14739.0,1449
14740.0,1450
14741.0,1451
14744.0,1452
14745.0,1453
14747.0,1454
14748.0,1455
14752.0,1456
14753.0,1457
14754.0,1458
14756.0,1459
14757.0,1460
14758.0,1461
14759.0,1462
14760.0,3418
14761.0,1463
14762.0,1464
14764.0,1465
14765.0,1466
14766.0,1467
14768.0,1147
14769.0,375
14770.0,1468
14772.0,1147
14775.0,1469
14776.0,1470
14777.0,3512
14778.0,1471
14779.0,1472
14780.0,1473
14782.0,1474
14784.0,1475
14785.0,3418
14788.0,1476
14789.0,1477
14790.0,1478
14792.0,3512
14793.0,1479
14794.0,1480
14795.0,1147
14798.0,1481
14799.0,1482
14801.0,1483
14803.0,1484
14804.0,1485
14805.0,1486
14806.0,1487
14808.0,1488
14810.0,1489
14813.0,1147
14815.0,1490
14816.0,1491
14817.0,1492
14818.0,1493
14819.0,1494
14820.0,1495
14821.0,3418
14823.0,1496
14824.0,1497
14825.0,1498
14828.0,1499
14829.0,1500
14830.0,1501
14834.0,1502
14836.0,3418
14837.0,1503
14840.0,3418
14841.0,1504
14842.0,1505
14844.0,1506
14847.0,1507
14850.0,1508
14851.0,1509
14852.0,1510
14853.0,1511
14854.0,1512
14855.0,1513
14856.0,1514
14857.0,1515
14859.0,1516
14860.0,1517
14861.0,1147
14862.0,1518
14863.0,1519
14865.0,3418
14867.0,1520
14868.0,1521
14869.0,1522
14870.0,1523
14871.0,1524
14873.0,1525
14875.0,1526
14878.0,1527
14880.0,1528
14881.0,1529
14882.0,1530
14883.0,1531
14885.0,1532
14886.0,1533
14887.0,1534
14888.0,1535
14889.0,1147
14890.0,3418
14891.0,1536
14893.0,1537
14894.0,1538
14896.0,1539
14897.0,1540
14898.0,1541
14901.0,1542
14902.0,1543
14903.0,1544
14904.0,1545
14905.0,1546
14907.0,1547
14908.0,1548
14910.0,1549
14912.0,1550
14913.0,1551
14915.0,1552
14916.0,1553
14918.0,1554
14920.0,1555
14921.0,1556
14923.0,1557
14924.0,1558
14929.0,1559
14930.0,1560
14931.0,1561
14932.0,1562
14934.0,1563
14935.0,1564
14936.0,62
14937.0,1565
14944.0,1566
14946.0,3418
14947.0,1567
14948.0,1568
14950.0,1569
14951.0,1570
14952.0,62
14953.0,1571
14954.0,1572
14957.0,3418
14958.0,1573
14959.0,1574
14960.0,1575
14961.0,1576
14962.0,3418
14963.0,1577
14964.0,1578
14965.0,1579
14966.0,1580
14967.0,1581
14968.0,1582
14970.0,1583
14971.0,1584
14972.0,3418
14973.0,1585
14974.0,3418
14975.0,1586
14976.0,1587
14978.0,1588
14981.0,3418
14984.0,1589
14985.0,1590
14987.0,1591
14988.0,1592
14995.0,1593
14997.0,1594
14998.0,1595
15000.0,1596
15002.0,1597
15004.0,1598
15006.0,1599
15007.0,1600
15009.0,1601
15010.0,1602
15012.0,1603
15014.0,1604
15016.0,1605
15017.0,1147
15018.0,1606
15019.0,1607
15021.0,1608
15022.0,1609
15024.0,1610
15025.0,1611
15026.0,1612
15027.0,1613
15028.0,1614
15030.0,1615
15031.0,1616
15032.0,1617
15033.0,1618
15034.0,1619
15035.0,1620
15036.0,1621
15038.0,1622
15041.0,1623
15042.0,1147
15043.0,1624
15045.0,1625
15047.0,1626
15048.0,1627
15049.0,3418
15050.0,1628
15051.0,1629
15052.0,1630
15053.0,1631
15054.0,1632
15057.0,1633
15058.0,1634
15059.0,1635
15060.0,1636
15062.0,1637
15063.0,1638
15065.0,1639
15066.0,1640
15067.0,1641
15068.0,1642
15069.0,1643
15070.0,3418
15071.0,1644
15073.0,1645
15074.0,1646
15075.0,1647
15076.0,1648
15079.0,1649
15081.0,1650
15083.0,3418
15087.0,1651
15088.0,1652
15089.0,1653
15090.0,1654
15091.0,1655
15092.0,1656
15093.0,1657
15095.0,1658
15096.0,1659
15097.0,1660
15098.0,1661
15099.0,1662
15100.0,1663
15101.0,1664
15103.0,1665
15104.0,1666
15105.0,1667
15106.0,1668
15107.0,1669
15108.0,1670
15109.0,1671
15110.0,1672
15111.0,1673
15113.0,1674
15114.0,1675
15115.0,1676
15116.0,1677
15117.0,1678
15118.0,1679
15119.0,1680
15120.0,1681
15121.0,1682
15122.0,1683
15123.0,1684
15124.0,1685
15127.0,1686
15128.0,1687
15129.0,1688
15130.0,1689
15132.0,1690
15133.0,1691
15134.0,1692
15135.0,3418
15136.0,1693
15139.0,1694
15140.0,1695
15142.0,1696
15143.0,1697
15145.0,1698
15146.0,1699
15147.0,1700
15148.0,1701
15149.0,1702
15153.0,1703
15154.0,1704
15156.0,1705
15157.0,1706
15158.0,1707
15160.0,1147
15163.0,1708
15164.0,1709
15165.0,1710
15167.0,1711
15168.0,3418
15171.0,1712
15172.0,1713
15174.0,1147
15175.0,1714
15178.0,3418
15179.0,1715
15180.0,3418
15181.0,1716
15182.0,1717
15184.0,1718
15185.0,1719
15186.0,1720
15192.0,1721
15193.0,1722
15195.0,1449
15197.0,1723
15198.0,1724
15199.0,1725
15201.0,1726
15203.0,1727
15204.0,1728
15205.0,1729
15206.0,1730
15208.0,1731
15210.0,1732
15211.0,1733
15212.0,3418
15213.0,1734
15214.0,1735
15215.0,1736
15216.0,3418
15219.0,1737
15220.0,1738
15221.0,3418
15222.0,1739
15223.0,1740
15224.0,1741
15225.0,1742
15226.0,1147
15227.0,1743
15228.0,1744
15230.0,1745
15232.0,1746
15234.0,1747
15235.0,1748
15236.0,1749
15237.0,1750
15238.0,1751
15239.0,1752
15240.0,1753
15241.0,1754
15243.0,1755
15244.0,1756
15245.0,1757
15246.0,1758
15247.0,1759
15252.0,1760
15253.0,1761
15254.0,1762
15255.0,1763
15256.0,3418
15257.0,1764
15258.0,1765
15260.0,1766
15261.0,1767
15262.0,1768
15263.0,1769
15264.0,1770
15265.0,1771
15266.0,3418
15267.0,1772
15269.0,1773
15270.0,1774
15271.0,1775
15272.0,1776
15274.0,1777
15275.0,1778
15276.0,1147
15277.0,1779
15279.0,1780
15280.0,3418
15281.0,1781
15286.0,1782
15287.0,1783
15288.0,1784
15289.0,1785
15292.0,1786
15296.0,1787
15297.0,1788
15299.0,1789
15300.0,1790
15303.0,1791
15304.0,1792
15306.0,1793
15307.0,1794
15308.0,1795
15312.0,1796
15313.0,3418
15314.0,1797
15315.0,1798
15316.0,1799
15318.0,1800
15319.0,1801
15320.0,1802
15321.0,1803
15322.0,1804
15325.0,1805
15326.0,1806
15327.0,1807
15329.0,1808
15330.0,1809
15332.0,1810
15333.0,1811
15334.0,1812
15335.0,1813
15339.0,1814
15341.0,1815
15342.0,1816
15343.0,1817
15344.0,1818
15345.0,1819
15346.0,1820
15347.0,1821
15348.0,1822
15349.0,1823
15350.0,3418
15351.0,1824
15353.0,1825
15355.0,1826
15356.0,1827
15360.0,1828
15361.0,1829
15363.0,1830
15364.0,1831
15365.0,1832
15366.0,1833
15367.0,1834
15368.0,1835
15369.0,3212
15370.0,1836
15372.0,1837
15373.0,1838
15374.0,1839
15376.0,1840
15379.0,1841
15380.0,1842
15381.0,1843
15382.0,1844
15384.0,1845
15385.0,1846
15386.0,1847
15388.0,1147
15389.0,1848
15392.0,1849
15393.0,1850
15394.0,1851
15395.0,3418
15396.0,1852
15397.0,3418
15398.0,1853
15399.0,1854
15400.0,1855
15402.0,1856
15405.0,1857
15406.0,1858
15407.0,1859
15408.0,1860
15410.0,1861
15411.0,1862
15412.0,1863
15414.0,1864
15415.0,1865
15416.0,1449
15417.0,1866
15419.0,1147
15421.0,1867
15422.0,3418
15423.0,3418
15424.0,1868
15426.0,1869
15427.0,1870
15428.0,3418
15429.0,1871
15432.0,1872
15433.0,1873
15434.0,1874
15435.0,1875
15436.0,1876
15437.0,1877
15438.0,1878
15440.0,1879
15442.0,1880
15443.0,1881
15444.0,1882
15445.0,3418
15447.0,1147
15448.0,1883
15449.0,1884
15450.0,1885
15452.0,1886
15453.0,1887
15454.0,1888
15456.0,1889
15457.0,1890
15458.0,1891
15460.0,1892
15462.0,1893
15463.0,1147
15464.0,1894
15466.0,1895
15467.0,1896
15468.0,1897
15469.0,1898
15471.0,1899
15472.0,1900
15473.0,1901
15475.0,1902
15478.0,1903
15480.0,1904
15483.0,1905
15484.0,1906
15485.0,1907
15488.0,3418
15489.0,1908
15491.0,1909
15492.0,1910
15493.0,1911
15494.0,1912
15497.0,1913
15500.0,1914
15502.0,1915
15503.0,1147
15504.0,3418
15505.0,1916
15506.0,1917
15507.0,1918
15508.0,1919
15510.0,1920
15511.0,1921
15512.0,3418
15514.0,1922
15516.0,3418
15517.0,1923
15518.0,1924
15520.0,1925
15521.0,1926
15522.0,1927
15523.0,1928
15524.0,1929
15525.0,1930
15526.0,1931
15527.0,1932
15528.0,1933
15530.0,1934
15531.0,1935
15532.0,1936
15533.0,1937
15535.0,1938
15537.0,3418
15539.0,1939
15540.0,1940
15541.0,3418
15543.0,3418
15544.0,1941
15545.0,1942
15549.0,1943
15550.0,1944
15551.0,1945
15552.0,3418
15553.0,1946
15554.0,1947
15556.0,1948
15557.0,1949
15561.0,1950
15562.0,3418
15563.0,1951
15565.0,1952
15567.0,1953
15568.0,1954
15569.0,1955
15571.0,1956
15572.0,1957
15573.0,1958
15574.0,1959
15576.0,1960
15577.0,1961
15578.0,1147
15579.0,1962
15581.0,1963
15582.0,1964
15584.0,1965
15585.0,1966
15587.0,1967
15589.0,1968
15590.0,3512
15592.0,1969
15593.0,1970
15594.0,1971
15596.0,1972
15597.0,1973
15598.0,1974
15599.0,1975
15602.0,1976
15603.0,3418
15604.0,1977
15605.0,1978
15606.0,1979
15607.0,3418
15608.0,1980
15609.0,1981
15610.0,3418
15611.0,1982
15612.0,1983
15618.0,1984
15619.0,1985
15620.0,1986
15621.0,1987
15622.0,1988
15623.0,1989
15624.0,1990
15625.0,1991
15626.0,1992
15628.0,1993
15630.0,1994
15632.0,1995
15634.0,1996
15636.0,1997
15637.0,1998
15638.0,3512
15639.0,1999
15641.0,2000
15643.0,2001
15644.0,2002
15645.0,2003
15646.0,2004
15648.0,2005
15649.0,2006
15651.0,2007
15652.0,2008
15653.0,2009
15654.0,2010
15655.0,2011
15656.0,2012
15657.0,3512
15658.0,2013
15659.0,2014
15660.0,2015
15661.0,2016
15663.0,1147
15664.0,2017
15665.0,2018
15667.0,2019
15668.0,3418
15669.0,2020
15670.0,2021
15671.0,2022
15673.0,2023
15674.0,2024
15675.0,2025
15676.0,2026
15677.0,2027
15678.0,2028
15679.0,2029
15680.0,2030
15681.0,2031
15683.0,2032
15687.0,2033
15689.0,2034
15690.0,2035
15691.0,1147
15692.0,2036
15695.0,2037
15696.0,2038
15699.0,2039
15700.0,2040
15701.0,2041
15703.0,2042
15704.0,2043
15705.0,1147
15706.0,2044
15707.0,2045
15708.0,2046
15709.0,1147
15712.0,2047
15713.0,2048
15714.0,2049
15716.0,2050
15717.0,1147
15720.0,2051
15721.0,2052
15722.0,2053
15723.0,2054
15724.0,2055
15725.0,2056
15727.0,2057
15728.0,3512
15729.0,3418
15730.0,2058
15732.0,2059
15733.0,2060
15734.0,2061
15737.0,2062
15739.0,2063
15740.0,2064
15743.0,2065
15744.0,3418
15745.0,2066
15746.0,2067
15747.0,2068
15748.0,2069
15749.0,375
15750.0,2070
15752.0,2071
15753.0,3418
15754.0,2072
15755.0,2073
15756.0,2074
15757.0,2075
15758.0,2076
15759.0,2077
15762.0,2078
15763.0,2079
15764.0,2080
15766.0,2081
15768.0,2082
15773.0,2083
15774.0,2084
15775.0,3418
15776.0,2085
15777.0,2086
15780.0,2087
15781.0,2088
15782.0,2089
15783.0,2090
15785.0,2091
15786.0,2092
15787.0,2093
15789.0,2094
15790.0,2095
15791.0,2096
15793.0,2097
15795.0,2098
15796.0,2099
15797.0,2100
15799.0,2101
15800.0,2102
15801.0,2103
15802.0,492
15803.0,2104
15806.0,2105
15807.0,2106
15808.0,2107
15809.0,2108
15810.0,2109
15811.0,2110
15812.0,2111
15813.0,2112
15814.0,2113
15815.0,2114
15819.0,2115
15820.0,2116
15821.0,2117
15822.0,2118
15823.0,492
15825.0,2119
15826.0,2120
15827.0,2121
15829.0,2122
15830.0,2123
15831.0,2124
15832.0,2125
15834.0,2126
15835.0,2127
15836.0,3418
15837.0,2128
15839.0,2129
15840.0,2130
15841.0,2131
15843.0,3418
15844.0,1147
15845.0,2132
15847.0,2133
15850.0,2134
15852.0,2135
15853.0,3418
15854.0,2136
15855.0,2137
15857.0,2138
15858.0,2139
15860.0,2140
15861.0,2141
15862.0,2142
15863.0,3418
15864.0,2143
15865.0,2144
15866.0,2145
15869.0,1147
15870.0,2146
15872.0,2147
15874.0,2148
15877.0,2149
15880.0,2150
15881.0,2151
15882.0,2152
15883.0,2153
15885.0,2154
15886.0,2155
15888.0,1147
15889.0,2156
15891.0,2157
15894.0,2158
15895.0,2159
15897.0,2160
15898.0,2161
15899.0,3418
15900.0,2162
15901.0,2163
15903.0,2164
15904.0,2165
15906.0,2166
15907.0,2167
15909.0,2168
15910.0,2169
15912.0,2170
15916.0,2171
15917.0,3418
15918.0,2172
15919.0,2173
15920.0,2174
15921.0,2175
15922.0,2176
15923.0,3418
15925.0,2177
15930.0,2178
15932.0,2179
15933.0,2180
15935.0,2181
15937.0,2182
15938.0,2183
15940.0,3512
15942.0,2184
15944.0,2185
15945.0,2186
15947.0,2187
15948.0,2188
15949.0,2189
15950.0,2190
15951.0,2191
15952.0,2192
15953.0,2193
15957.0,2194
15958.0,3418
15963.0,2195
15965.0,2196
15967.0,2197
15969.0,2198
15970.0,2199
15973.0,3418
15974.0,2200
15975.0,2201
15976.0,2202
15977.0,2203
15978.0,2204
15980.0,2205
15981.0,2206
15983.0,2207
15984.0,2208
15985.0,2209
15986.0,2210
15987.0,2211
15988.0,2212
15990.0,2213
15992.0,3418
15993.0,2214
15994.0,2215
15996.0,2216
15998.0,2217
16000.0,375
16003.0,2218
16005.0,2219
16006.0,3418
16007.0,2220
16008.0,2221
16009.0,2222
16010.0,2223
16011.0,2224
16012.0,2225
16014.0,2226
16015.0,2227
16016.0,2228
16017.0,2229
16018.0,2230
16019.0,2231
16020.0,2232
16022.0,2233
16023.0,2234
16024.0,2235
16025.0,2236
16026.0,2237
16027.0,2238
16030.0,2239
16031.0,2240
16034.0,2241
16036.0,2242
16037.0,2243
16038.0,2244
16040.0,2245
16041.0,2246
16042.0,2247
16043.0,2248
16045.0,2249
16048.0,2250
16049.0,2251
16050.0,1147
16052.0,2252
16053.0,2253
16054.0,2254
16055.0,1147
16056.0,2255
16057.0,2256
16059.0,2257
16061.0,3512
16062.0,2258
16063.0,2259
16065.0,2260
16066.0,2261
16070.0,2262
16071.0,2263
16072.0,2264
16073.0,3418
16076.0,2265
16078.0,3418
16079.0,2266
16080.0,2267
16081.0,2268
16083.0,2269
16084.0,2270
16085.0,2271
16086.0,2272
16091.0,2273
16092.0,2274
16093.0,3512
16094.0,2275
16096.0,2276
16097.0,2277
16098.0,2278
16099.0,2279
16101.0,2280
16102.0,2281
16103.0,2282
16104.0,2283
16105.0,2284
16106.0,3418
16107.0,2285
16108.0,2286
16109.0,2287
16110.0,2288
16112.0,2289
16113.0,2290
16114.0,1147
16115.0,2291
16116.0,2292
16117.0,2293
16119.0,2294
16120.0,2295
16121.0,2296
16122.0,2297
16123.0,2298
16124.0,2299
16125.0,2300
16126.0,2301
16127.0,2302
16128.0,2303
16131.0,2304
16134.0,2305
16135.0,2306
16136.0,2307
16138.0,3512
16139.0,2308
16140.0,2309
16141.0,2310
16142.0,2311
16143.0,2312
16144.0,2313
16146.0,2314
16147.0,2315
16148.0,3418
16149.0,2316
16150.0,2317
16152.0,2318
16153.0,2319
16156.0,2320
16157.0,2321
16159.0,2322
16160.0,2323
16162.0,3418
16163.0,2324
16164.0,2325
16169.0,2326
16170.0,2327
16171.0,3418
16172.0,2328
16173.0,2329
16174.0,2330
16175.0,2331
16177.0,2332
16178.0,2333
16179.0,2334
16180.0,375
16181.0,2335
16182.0,2336
16183.0,2337
16184.0,2338
16185.0,2339
16188.0,2340
16189.0,2341
16190.0,2342
16193.0,2343
16198.0,2344
16200.0,2345
16201.0,2346
16202.0,2347
16203.0,2348
16204.0,2349
16205.0,2350
16206.0,2351
16207.0,2352
16208.0,2353
16209.0,2354
16211.0,2355
16212.0,2356
16213.0,2357
16214.0,2358
16215.0,2359
16216.0,2360
16217.0,2361
16218.0,2362
16221.0,2363
16222.0,2364
16224.0,2365
16225.0,2366
16226.0,2367
16227.0,2368
16229.0,2369
16230.0,2370
16232.0,2371
16233.0,2372
16235.0,2373
16236.0,2374
16239.0,2375
16240.0,2376
16241.0,2377
16242.0,2378
16243.0,2379
16244.0,2380
16245.0,2381
16247.0,3418
16248.0,2382
16249.0,2383
16250.0,2384
16252.0,3512
16253.0,2385
16255.0,2386
16256.0,2387
16257.0,3418
16258.0,2388
16260.0,2389
16261.0,2390
16262.0,3512
16265.0,2391
16266.0,2392
16268.0,2393
16270.0,2394
16271.0,2395
16272.0,2396
16274.0,2397
16275.0,2398
16276.0,2399
16278.0,2400
16279.0,2401
16281.0,2402
16282.0,2403
16283.0,2404
16284.0,2405
16287.0,1147
16292.0,2406
16293.0,2407
16295.0,2408
16297.0,2409
16298.0,2410
16302.0,2411
16303.0,2412
16305.0,2413
16306.0,2414
16308.0,2415
16309.0,2416
16311.0,2417
16313.0,2418
16315.0,2419
16316.0,2420
16317.0,2421
16318.0,2422
16319.0,2423
16320.0,2424
16321.0,2425
16322.0,2426
16323.0,2427
16324.0,2428
16325.0,2429
16326.0,2430
16327.0,2631
16330.0,2431
16332.0,2432
16337.0,2433
16338.0,2434
16339.0,3418
16340.0,2435
16341.0,2436
16342.0,2437
16343.0,2438
16344.0,3418
16345.0,2439
16347.0,2440
16348.0,2441
16349.0,3418
16350.0,2442
16351.0,1147
16352.0,2443
16354.0,2444
16356.0,2445
16357.0,2446
16358.0,2447
16359.0,2448
16360.0,2449
16361.0,2450
16362.0,2451
16363.0,3418
16364.0,2452
16365.0,2453
16366.0,2454
16367.0,2455
16368.0,2456
16369.0,2457
16370.0,2458
16372.0,2459
16374.0,2460
16376.0,2461
16377.0,2462
16378.0,2463
16379.0,2464
16380.0,2465
16383.0,2466
16384.0,2467
16385.0,2468
16386.0,2469
16387.0,3418
16389.0,2470
16392.0,2471
16393.0,2472
16394.0,2473
16395.0,2474
16398.0,2475
16399.0,2476
16400.0,2477
16402.0,2478
16403.0,2479
16404.0,2480
16405.0,2481
16406.0,2482
16407.0,2483
16409.0,2484
16411.0,2485
16412.0,2486
16413.0,2487
16414.0,1147
16415.0,2488
16416.0,2489
16418.0,2490
16419.0,2491
16423.0,2492
16424.0,3418
16425.0,2493
16426.0,2494
16427.0,2495
16428.0,3512
16429.0,2496
16430.0,2497
16431.0,2498
16432.0,2499
16433.0,2500
16434.0,2501
16438.0,2502
16440.0,2503
16441.0,2504
16442.0,2505
16444.0,2506
16445.0,2507
16446.0,3512
16447.0,2508
16448.0,2509
16449.0,2510
16450.0,2511
16451.0,2512
16454.0,3512
16455.0,2513
16456.0,2514
16457.0,2515
16458.0,2516
16460.0,2517
16461.0,2518
16462.0,3418
16463.0,2519
16464.0,2520
16466.0,2521
16468.0,3418
16469.0,2522
16470.0,2523
16471.0,2524
16473.0,2525
16474.0,2526
16475.0,2527
16477.0,2528
16478.0,2529
16479.0,2530
16480.0,2531
16482.0,2532
16483.0,1147
16484.0,2533
16485.0,2534
16488.0,2535
16491.0,2536
16493.0,2537
16494.0,2538
16495.0,2539
16496.0,2540
16497.0,2541
16498.0,3418
16499.0,2542
16500.0,2543
16503.0,2544
16504.0,2545
16505.0,2546
16506.0,3418
16509.0,2547
16510.0,2548
16511.0,2549
16513.0,2550
16515.0,2551
16516.0,3418
16517.0,2552
16518.0,2553
16519.0,2554
16520.0,2555
16526.0,2556
16527.0,2557
16528.0,2558
16529.0,2559
16531.0,2560
16532.0,2561
16533.0,2562
16535.0,2563
16536.0,2564
16539.0,2565
16542.0,3418
16545.0,2566
16546.0,3512
16549.0,2567
16550.0,2568
16551.0,2569
16552.0,2570
16553.0,2571
16554.0,2572
16555.0,2573
16556.0,2574
16557.0,2575
16560.0,2576
16561.0,2577
16563.0,2578
16565.0,2579
16566.0,2580
16567.0,2581
16569.0,1147
16571.0,2582
16572.0,2583
16573.0,2584
16574.0,2585
16579.0,3512
16581.0,3418
16582.0,2586
16583.0,2587
16584.0,2588
16586.0,2589
16587.0,2590
16589.0,2591
16591.0,2592
16593.0,2593
16594.0,2594
16595.0,2595
16596.0,2596
16597.0,3418
16598.0,1147
16600.0,2597
16601.0,2598
16602.0,2599
16603.0,2600
16607.0,2601
16609.0,2602
16610.0,3418
16611.0,3418
16612.0,2603
16613.0,2604
16614.0,2605
16616.0,2606
16617.0,1147
16618.0,2607
16619.0,2608
16620.0,2609
16621.0,2610
16623.0,3418
16624.0,2611
16625.0,2612
16627.0,2613
16628.0,2614
16629.0,2615
16633.0,2616
16634.0,2617
16637.0,2618
16638.0,2619
16639.0,2620
16641.0,2621
16642.0,2622
16643.0,2623
16644.0,2624
16647.0,2625
16648.0,2626
16650.0,2627
16652.0,2628
16653.0,2629
16654.0,2630
16655.0,2631
16657.0,2632
16658.0,3418
16659.0,3418
16660.0,2633
16665.0,3418
16666.0,3418
16667.0,2634
16668.0,2635
16669.0,2636
16671.0,2637
16674.0,2638
16676.0,2639
16678.0,2640
16679.0,3418
16680.0,2641
16681.0,2642
16682.0,2643
16685.0,2644
16686.0,2645
16688.0,2646
16689.0,2647
16690.0,2648
16692.0,2649
16693.0,2650
16696.0,2651
16697.0,3418
16698.0,2652
16706.0,2653
16708.0,2654
16709.0,2655
16710.0,2656
16711.0,2657
16714.0,2658
16715.0,2659
16716.0,2660
16717.0,2661
16718.0,2662
16719.0,2663
16720.0,2664
16721.0,2665
16723.0,2666
16725.0,2667
16726.0,2668
16727.0,2669
16728.0,2670
16730.0,2671
16732.0,2672
16734.0,2673
16735.0,2674
16737.0,2675
16738.0,3512
16739.0,2676
16742.0,3512
16743.0,2677
16744.0,2678
16747.0,2679
16748.0,2680
16750.0,2681
16751.0,2682
16752.0,2683
16753.0,2684
16754.0,2685
16755.0,2686
16756.0,2687
16757.0,3418
16758.0,2688
16759.0,2689
16761.0,2690
16762.0,2691
16763.0,2692
16764.0,2693
16765.0,3512
16766.0,2694
16767.0,2695
16768.0,2696
16769.0,2697
16770.0,2698
16771.0,2699
16773.0,2700
16774.0,2701
16775.0,2702
16776.0,2703
16777.0,2704
16778.0,2705
16780.0,2706
16781.0,2707
16782.0,2708
16784.0,3418
16788.0,2709
16789.0,3418
16790.0,2710
16791.0,2711
16792.0,3418
16793.0,2712
16794.0,2713
16795.0,2714
16796.0,2715
16800.0,2716
16801.0,2717
16803.0,2718
16804.0,2719
16805.0,2720
16806.0,2721
16807.0,2722
16808.0,2723
16809.0,2724
16810.0,2725
16811.0,2726
16812.0,2727
16813.0,2728
16816.0,2729
16817.0,2730
16818.0,2731
16820.0,2732
16823.0,2733
16824.0,2734
16825.0,2735
16826.0,2736
16828.0,1147
16829.0,2737
16830.0,2738
16832.0,2739
16833.0,2740
16834.0,2741
16835.0,2742
16836.0,2743
16837.0,2744
16838.0,2745
16841.0,2746
16842.0,2747
16846.0,2748
16847.0,2749
16848.0,2750
16849.0,3418
16850.0,2751
16851.0,2752
16852.0,2753
16855.0,2754
16856.0,3418
16858.0,2755
16859.0,2756
16861.0,2757
16863.0,2758
16866.0,2759
16869.0,2760
16871.0,2761
16872.0,2762
16873.0,273
16875.0,2763
16877.0,2764
16878.0,3512
16880.0,2765
16881.0,2766
16882.0,2767
16883.0,2768
16884.0,2769
16885.0,2770
16887.0,2771
16889.0,2772
16891.0,2773
16892.0,2774
16893.0,1147
16895.0,2775
16897.0,2776
16898.0,2777
16899.0,2778
16900.0,2779
16902.0,2780
16903.0,2781
16905.0,2782
16906.0,2783
16907.0,2784
16909.0,2785
16910.0,2786
16912.0,2787
16913.0,3418
16914.0,2788
16915.0,2789
16916.0,2790
16917.0,2791
16918.0,2792
16919.0,2793
16921.0,2794
16924.0,2795
16926.0,2796
16927.0,2797
16928.0,2798
16929.0,2799
16930.0,2800
16932.0,2801
16933.0,2802
16934.0,2803
16936.0,2804
16938.0,2805
16940.0,2806
16942.0,2807
16943.0,2808
16947.0,2809
16948.0,2810
16949.0,2811
16950.0,2812
16951.0,2813
16952.0,2814
16953.0,3512
16954.0,2815
16955.0,2816
16956.0,2817
16957.0,2818
16959.0,3418
16960.0,2819
16961.0,2820
16963.0,3418
16965.0,2821
16966.0,2822
16967.0,2823
16968.0,2824
16969.0,2825
16971.0,2826
16976.0,2827
16978.0,2828
16979.0,2829
16980.0,2830
16982.0,2831
16983.0,2832
16984.0,2833
16985.0,2834
16986.0,2835
16987.0,2836
16988.0,1147
16989.0,2837
16990.0,2838
16992.0,2839
16995.0,3512
16996.0,2840
16997.0,2841
16998.0,2842
16999.0,2843
17002.0,2844
17004.0,2845
17006.0,2846
17007.0,2847
17010.0,2848
17011.0,2849
17014.0,2850
17015.0,2851
17018.0,2852
17019.0,2853
17022.0,3418
17024.0,3418
17025.0,2854
17026.0,2855
17027.0,2856
17029.0,2857
17030.0,2858
17031.0,2859
17033.0,2860
17034.0,2861
17035.0,2862
17037.0,2863
17038.0,3418
17040.0,2864
17041.0,2865
17042.0,2866
17043.0,2867
17044.0,2868
17045.0,2869
17046.0,2870
17047.0,2871
17048.0,2872
17049.0,2873
17050.0,2874
17051.0,2875
17052.0,2876
17053.0,2877
17054.0,2878
17058.0,2879
17059.0,2880
17060.0,2881
17062.0,2882
17063.0,2883
17064.0,2884
17065.0,3512
17069.0,2885
17070.0,2886
17071.0,2887
17073.0,2888
17075.0,2889
17076.0,2890
17078.0,2891
17079.0,3418
17080.0,2892
17081.0,2893
17082.0,2894
17083.0,2895
17084.0,2896
17085.0,2897
17086.0,2898
17088.0,2899
17090.0,2900
17091.0,2631
17092.0,2901
17094.0,2902
17095.0,2903
17096.0,2904
17097.0,2905
17100.0,2906
17101.0,2907
17102.0,3512
17105.0,2908
17107.0,375
17109.0,2909
17110.0,2910
17111.0,2911
17114.0,2912
17115.0,2913
17117.0,3418
17118.0,1147
17119.0,2914
17120.0,2915
17122.0,1147
17123.0,2916
17124.0,2917
17125.0,2918
17126.0,2919
17128.0,1147
17131.0,2920
17133.0,2921
17134.0,2922
17135.0,2923
17138.0,2924
17140.0,2925
17142.0,2926
17144.0,2927
17146.0,2928
17147.0,2929
17148.0,1147
17152.0,2930
17153.0,2931
17154.0,2932
17155.0,2933
17157.0,2934
17158.0,2935
17159.0,2936
17160.0,2937
17162.0,2938
17163.0,2939
17164.0,2940
17165.0,2941
17166.0,2942
17169.0,2943
17171.0,2944
17172.0,2945
17173.0,2631
17174.0,3418
17175.0,2946
17176.0,2947
17179.0,2948
17180.0,2949
17181.0,2950
17183.0,2951
17186.0,2952
17187.0,2953
17188.0,2954
17189.0,2955
17190.0,2956
17191.0,2957
17193.0,2958
17194.0,2959
17197.0,2960
17198.0,2961
17201.0,2962
17203.0,2963
17204.0,2964
17205.0,2965
17206.0,2966
17211.0,2967
17212.0,2968
17213.0,2969
17214.0,2970
17217.0,3418
17218.0,2971
17219.0,3418
17220.0,2972
17221.0,2973
17222.0,2974
17223.0,2975
17226.0,2976
17227.0,2977
17228.0,2978
17229.0,2979
17230.0,2980
17231.0,2981
17232.0,2982
17233.0,2983
17234.0,1147
17235.0,2984
17236.0,2985
17237.0,2986
17239.0,2987
17242.0,2988
17244.0,2989
17245.0,2990
17247.0,2991
17248.0,2992
17250.0,2993
17251.0,2994
17252.0,2995
17253.0,2996
17254.0,2997
17255.0,2998
17256.0,2999
17259.0,3000
17262.0,3001
17263.0,3418
17265.0,3002
17266.0,3003
17267.0,3004
17268.0,3005
17272.0,3006
17274.0,3418
17277.0,3007
17278.0,3008
17279.0,3009
17282.0,3010
17284.0,3011
17286.0,3012
17287.0,3013
17288.0,3014
17289.0,3015
17290.0,3016
17291.0,3017
17293.0,3018
17295.0,3019
17297.0,1147
17298.0,3020
17299.0,3021
17301.0,3022
17302.0,3023
17303.0,3024
17307.0,3512
17309.0,3418
17311.0,3025
17312.0,3026
17313.0,3027
17314.0,3028
17317.0,3029
17320.0,3030
17321.0,3031
17323.0,3032
17324.0,3033
17325.0,3418
17329.0,3034
17330.0,3035
17331.0,3036
17333.0,3037
17334.0,3038
17337.0,3039
17338.0,3040
17339.0,3041
17340.0,375
17341.0,3042
17343.0,3043
17344.0,3044
17345.0,3045
17346.0,3046
17347.0,3047
17348.0,3048
17349.0,3418
17350.0,3049
17351.0,3050
17353.0,3051
17354.0,3052
17356.0,3053
17357.0,3054
17358.0,3055
17359.0,1147
17360.0,3056
17361.0,3057
17362.0,3058
17365.0,3059
17367.0,3060
17368.0,3061
17370.0,3062
17371.0,3063
17372.0,3064
17373.0,3065
17374.0,3066
17375.0,3067
17376.0,3068
17379.0,3069
17382.0,3418
17383.0,3070
17384.0,3071
17385.0,3072
17386.0,3073
17387.0,3074
17388.0,3075
17391.0,3076
17392.0,3077
17394.0,3078
17396.0,273
17397.0,3079
17398.0,3080
17400.0,3081
17402.0,3082
17403.0,3083
17405.0,3084
17406.0,3085
17408.0,3512
17409.0,3086
17410.0,3087
17411.0,3088
17412.0,3089
17414.0,3090
17415.0,3091
17416.0,3092
17418.0,3093
17420.0,3094
17422.0,3095
17423.0,3096
17425.0,3097
17426.0,3098
17427.0,3418
17429.0,3099
17430.0,3100
17431.0,3101
17432.0,3102
17433.0,3103
17434.0,3104
17436.0,3105
17438.0,3106
17440.0,3107
17442.0,3108
17443.0,3109
17444.0,3110
17446.0,3418
17447.0,3111
17448.0,3112
17449.0,3113
17451.0,3114
17453.0,3115
17454.0,3116
17455.0,1147
17456.0,3117
17457.0,3118
17458.0,3119
17459.0,3120
17460.0,3121
17461.0,3122
17462.0,3123
17463.0,3124
17464.0,3125
17466.0,3126
17468.0,1147
17469.0,3127
17470.0,3128
17472.0,3129
17475.0,3130
17480.0,3131
17481.0,3132
17483.0,3133
17486.0,3134
17489.0,3135
17490.0,3136
17491.0,3137
17492.0,3138
17495.0,3139
17496.0,3140
17498.0,3141
17499.0,3142
17500.0,3143
17501.0,3144
17502.0,3145
17503.0,3146
17504.0,3147
17505.0,3148
17506.0,3149
17507.0,3150
17508.0,3151
17509.0,3152
17510.0,3153
17512.0,3154
17513.0,3155
17514.0,3156
17515.0,3157
17516.0,3158
17517.0,1147
17519.0,3159
17520.0,3160
17521.0,3161
17522.0,3162
17523.0,3163
17524.0,1147
17525.0,3164
17526.0,3165
17527.0,3166
17528.0,3167
17530.0,3168
17531.0,3169
17534.0,3170
17535.0,3171
17536.0,3418
17537.0,3172
17538.0,3418
17540.0,3173
17542.0,3174
17545.0,3175
17547.0,3512
17548.0,3512
17549.0,3176
17550.0,3177
17551.0,3178
17552.0,3179
17553.0,3180
17554.0,3181
17555.0,3182
17556.0,3183
17557.0,3184
17560.0,3185
17561.0,3186
17562.0,3187
17564.0,3188
17566.0,3189
17567.0,3190
17569.0,3191
17571.0,3192
17572.0,3193
17573.0,3194
17574.0,3195
17576.0,3196
17578.0,3418
17579.0,3197
17580.0,3198
17582.0,3199
17584.0,3200
17585.0,3201
17588.0,3202
17589.0,3203
17590.0,3204
17591.0,3205
17593.0,1449
17594.0,3206
17595.0,3207
17596.0,3208
17597.0,3209
17600.0,3210
17601.0,3418
17602.0,3211
17603.0,3212
17604.0,3213
17608.0,3214
17609.0,3215
17612.0,3216
17614.0,3217
17615.0,3218
17616.0,3219
17618.0,3220
17619.0,3221
17620.0,3418
17621.0,3222
17623.0,3223
17624.0,3224
17625.0,3225
17628.0,3418
17629.0,3226
17630.0,3227
17631.0,3228
17633.0,3229
17634.0,3230
17636.0,3231
17637.0,3232
17639.0,3418
17640.0,3233
17642.0,3234
17643.0,3418
17644.0,3235
17646.0,3236
17647.0,1147
17648.0,3237
17649.0,3238
17650.0,3239
17653.0,3240
17654.0,3418
17655.0,3241
17656.0,3242
17658.0,3243
17659.0,3244
17660.0,3245
17663.0,3246
17664.0,3247
17666.0,3248
17667.0,3249
17668.0,3250
17669.0,3251
17670.0,3252
17671.0,3253
17672.0,3254
17673.0,3255
17674.0,3256
17676.0,3257
17678.0,3258
17679.0,3259
17680.0,3260
17682.0,3261
17684.0,3262
17685.0,3263
17686.0,3264
17691.0,3265
17692.0,3266
17693.0,3267
17694.0,3268
17695.0,3269
17696.0,3270
17697.0,3271
17698.0,3272
17700.0,3273
17701.0,3274
17702.0,3275
17703.0,3276
17704.0,3277
17705.0,3278
17707.0,3279
17708.0,3280
17709.0,1147
17711.0,3281
17712.0,3282
17714.0,1147
17715.0,3283
17718.0,1147
17720.0,3284
17722.0,3285
17723.0,3286
17724.0,3287
17725.0,3288
17727.0,3289
17728.0,3290
17731.0,3291
17732.0,3292
17733.0,3293
17734.0,3294
17736.0,3295
17737.0,3296
17738.0,3297
17739.0,3298
17742.0,3299
17744.0,3300
17746.0,3418
17747.0,3418
17749.0,3301
17750.0,3302
17752.0,3418
17754.0,3303
17758.0,3304
17759.0,3305
17760.0,3306
17761.0,3307
17763.0,3512
17764.0,3308
17765.0,3309
17767.0,3310
17768.0,3311
17770.0,3312
17771.0,3313
17772.0,3314
17774.0,3315
17775.0,3418
17777.0,3316
17779.0,3317
17781.0,3318
17783.0,3319
17785.0,1147
17786.0,3320
17787.0,3321
17788.0,3322
17789.0,3323
17790.0,3324
17791.0,3418
17793.0,3325
17795.0,3326
17796.0,3327
17797.0,3328
17799.0,3329
17800.0,3330
17802.0,3331
17805.0,3332
17806.0,3333
17812.0,3334
17813.0,3335
17816.0,3418
17817.0,3336
17819.0,3337
17820.0,3512
17824.0,3338
17827.0,3339
17828.0,3340
17829.0,3341
17830.0,3342
17831.0,3418
17832.0,3343
17835.0,3344
17836.0,3418
17837.0,3345
17838.0,3346
17839.0,3347
17843.0,3348
17844.0,3418
17846.0,3349
17848.0,3350
17849.0,3351
17850.0,3352
17852.0,3418
17854.0,3353
17855.0,3354
17856.0,3355
17859.0,1147
17860.0,3356
17861.0,3357
17862.0,3358
17863.0,3359
17864.0,3360
17866.0,3361
17867.0,3362
17869.0,3363
17870.0,3364
17871.0,3365
17873.0,3366
17874.0,3367
17877.0,3368
17878.0,3369
17879.0,3370
17880.0,3371
17881.0,1147
17883.0,3372
17884.0,3373
17885.0,3374
17886.0,3375
17887.0,3418
17888.0,3376
17889.0,3377
17890.0,3378
17891.0,3379
17892.0,3380
17893.0,3418
17894.0,3381
17895.0,3418
17896.0,3382
17897.0,3383
17898.0,3384
17899.0,3385
17900.0,3512
17901.0,3418
17904.0,3386
17905.0,3387
17906.0,3418
17908.0,3388
17911.0,3389
17912.0,3390
17913.0,3391
17914.0,3392
17917.0,3393
17919.0,3394
17921.0,3395
17923.0,3396
17924.0,3397
17925.0,3398
17926.0,3399
17928.0,3400
17929.0,3401
17930.0,3402
17931.0,3403
17932.0,3404
17934.0,3405
17935.0,1147
17936.0,3406
17937.0,3407
17939.0,3418
17940.0,3408
17941.0,3409
17942.0,3418
17946.0,1147
17947.0,3410
17948.0,3411
17950.0,3412
17951.0,3413
17954.0,3414
17955.0,3415
17956.0,3512
17957.0,3418
17958.0,3416
17960.0,3418
17961.0,3417
17962.0,3418
17964.0,3419
17965.0,3420
17966.0,3421
17967.0,3418
17968.0,3422
17969.0,3423
17970.0,3424
17972.0,1147
17973.0,3425
17974.0,3426
17976.0,3427
17977.0,3428
17978.0,3429
17979.0,3430
17980.0,3431
17984.0,3432
17985.0,3433
17986.0,3512
17987.0,3434
17988.0,3435
17990.0,3436
17991.0,3418
17994.0,3437
17995.0,3418
17997.0,3438
17999.0,3439
18001.0,3440
18004.0,3441
18005.0,3442
18006.0,3443
18008.0,3444
18009.0,3445
18010.0,3446
18011.0,3418
18013.0,3447
18014.0,3448
18015.0,1147
18016.0,3449
18017.0,3450
18018.0,3418
18019.0,3418
18022.0,3451
18024.0,3452
18027.0,3418
18030.0,3453
18032.0,3418
18033.0,3418
18034.0,3454
18035.0,3455
18036.0,3456
18037.0,3418
18040.0,3457
18042.0,3458
18043.0,3459
18044.0,3460
18045.0,3461
18048.0,3462
18050.0,3418
18053.0,3463
18056.0,3464
18058.0,3465
18059.0,3466
18061.0,3467
18062.0,3468
18064.0,3469
18065.0,3470
18066.0,3471
18067.0,3472
18068.0,3418
18069.0,3473
18071.0,3474
18072.0,3512
18074.0,3475
18075.0,3476
18077.0,3477
18078.0,3478
18079.0,3479
18080.0,3480
18081.0,3481
18082.0,3482
18084.0,3418
18085.0,3483
18086.0,3418
18087.0,3484
18088.0,3485
18093.0,3486
18094.0,3487
18095.0,3488
18096.0,3489
18097.0,3490
18099.0,3491
18101.0,3492
18104.0,3493
18105.0,3418
18106.0,3494
18108.0,3495
18110.0,3496
18112.0,3497
18113.0,3418
18114.0,3498
18116.0,3499
18117.0,3500
18119.0,3501
18120.0,3418
18121.0,3502
18122.0,3503
18123.0,3504
18125.0,3505
18126.0,3506
18127.0,3507
18129.0,3418
18130.0,3508
18133.0,3509
18135.0,3510
18136.0,3511
18138.0,1147
18139.0,62
18141.0,3512
18142.0,3513
18143.0,3514
18144.0,3515
18145.0,3516
18146.0,3517
18147.0,3518
18149.0,3519
18150.0,3520
18151.0,3521
18154.0,3522
18155.0,3523
18156.0,3524
18158.0,3525
18159.0,3526
18160.0,3527
18161.0,3528
18164.0,3529
18165.0,3530
18167.0,3531
18168.0,3532
18169.0,3533
18170.0,3534
18171.0,3535
18173.0,3536
18174.0,3418
18176.0,3537
18177.0,3538
18178.0,3539
18179.0,3540
18180.0,3541
18181.0,3542
18183.0,3543
18184.0,3418
18185.0,3544
18188.0,3545
18189.0,3546
18190.0,3547
18191.0,3548
18192.0,3549
18193.0,3550
18194.0,3551
18196.0,3552
18200.0,3553
18202.0,3554
18203.0,3555
18204.0,3556
18205.0,3557
18209.0,1147
18210.0,3558
18211.0,3559
18212.0,3560
18213.0,3561
18215.0,3562
18216.0,3563
18217.0,3564
18218.0,3565
18219.0,3566
18220.0,3567
18221.0,3568
18222.0,3569
18224.0,3570
18227.0,3418
18228.0,3571
18230.0,3572
18231.0,3573
18232.0,3574
18233.0,3575
18235.0,3576
18236.0,3577
18237.0,3578
18239.0,3579
18240.0,3580
18241.0,3581
18242.0,3582
18245.0,3583
18246.0,3584
18248.0,3585
18249.0,3418
18250.0,3586
18251.0,3587
18252.0,3588
18255.0,3418
18256.0,3512
18257.0,3589
18259.0,3590
18260.0,3591
18261.0,3592
18262.0,3593
18263.0,3594
18265.0,3595
18268.0,3512
18269.0,1147
18270.0,3596
18272.0,3597
18273.0,3598
18274.0,3512
18276.0,3599
18277.0,3418
18278.0,3600
18280.0,3601
18281.0,3418
18282.0,3602
18283.0,3603
18287.0,3604
